49.4573068619
0.436475038528
0.256077051163
0.154415845871
0.16877412796
0.193241119385
0.233798980713
0.209436893463
0.188246011734
0.277951002121
0.142278909683
0.186863899231
0.195779085159
0.203217029572
0.129950046539
0.222018003464
0.287154912949
0.293359041214
0.268572092056
0.350628137589
0.384087085724
0.266441106796
0.348232984543
0.320488929749
0.0728738307953
0.214182138443
0.180943012238
0.215891122818
0.196724176407
0.257004976273
0.143462181091
0.175290822983
0.171157121658
0.303283929825
0.213885068893
0.225789070129
0.178290843964
0.161036014557
0.389514923096
0.138375997543
0.232387065887
0.0816659927368
0.267929792404
0.235339164734
0.193250179291
0.150403022766
0.164447069168
0.21072101593
0.136166810989
0.177582979202
0.171794891357
0.145118951797
0.161337137222
0.540866851807
0.161337137222
0.201427221298
0.39048409462
0.189846038818
0.202641963959
0.176522016525
0.178402900696
0.242038011551
0.192591905594
0.210869073868
0.434281110764
0.210129976273
0.20609998703
0.206223011017
0.39625120163
0.203779935837
0.159096002579
0.14203619957
0.290355920792
0.615611076355
0.544174909592
0.304141044617
0.176133871078
0.236921072006
0.203841924667
0.150002002716
0.17486000061
0.133484840393
0.0874419212341
0.119146823883
0.141180992126
0.189924955368
0.402333974838
0.293667078018
0.1686398983
0.0935871601105
0.18994808197
0.142243862152
0.197180986404
0.205686092377
0.311649799347
0.349295139313
0.231729030609
0.159461975098
0.156206130981
0.192239046097
0.115957021713
0.352286100388
0.145377159119
0.216866970062
0.263559103012
0.18602013588
0.189157009125
0.172491073608
0.163758039474
0.36071896553
0.264122009277
0.121155977249
0.126348972321
0.245926856995
0.237244129181
0.234841108322
0.352834939957
0.271026849747
0.149535179138
0.224895000458
0.221202135086
0.210336923599
0.159795999527
0.234483957291
0.198194026947
0.186098814011
0.125497102737
0.235082149506
0.35099697113
0.292420864105
0.166834831238
0.14324593544
0.0907251834869
0.227059841156
0.162280797958
0.196228027344
0.0444660186768
0.288108825684
0.248929023743
0.219324827194
0.19907617569
0.211209774017
0.341564178467
0.219831943512
0.167774200439
0.204882144928
0.253765106201
0.230888843536
0.21906709671
0.106096029282
0.21545290947
0.174530029297
0.187644958496
0.40133190155
0.290256977081
0.415912151337
0.269850969315
0.182327985764
0.448015928268
0.194675922394
0.150029182434
0.107673168182
0.243231058121
0.339082956314
0.334753036499
0.26515007019
0.227684020996
0.26517701149
0.183127880096
0.183045148849
0.281244039536
0.277705907822
0.14009308815
0.171251058578
0.210616111755
0.41374206543
0.276437997818
0.187961101532
0.17676782608
0.258076906204
0.343719005585
0.125694990158
0.310970067978
0.151216030121
0.363750934601
0.208677053452
0.196314811707
0.138077974319
0.120002031326
0.179735898972
0.29673409462
0.0994889736176
0.443429946899
0.167898893356
0.315761089325
0.281783819199
0.155661821365
0.229311943054
0.234566926956
0.325210094452
0.213687896729
0.205037117004
0.262912034988
0.264796972275
0.309992074966
0.204389095306
0.254957199097
0.238445043564
0.194296836853
0.254081010818
0.223675012589
0.357461929321
2.21770787239
0.863945007324
1.90070295334
0.657737016678
0.637364864349
0.427368164062
0.572267055511
1.15169000626
0.578994035721
0.420171022415
0.486297130585
0.440462112427
0.754083871841
0.527987003326
0.928133010864
0.689728021622
0.429700136185
0.240271091461
0.675255060196
0.493129014969
0.557742834091
0.520870923996
0.543262004852
0.400405883789
0.521703958511
0.439919948578
0.938050031662
0.439805984497
0.721560001373
0.538156032562
0.549851894379
0.3792719841
0.684389829636
1.02197504044
0.460016965866
0.437210083008
0.652928113937
0.787132978439
0.796838998795
1.06862711906
0.725326061249
0.671941041946
0.436069011688
1.62716698647
0.694545030594
0.201815128326
0.229326963425
0.284728050232
0.634668111801
0.264056921005
0.355677843094
0.68500995636
0.626530885696
0.526296854019
0.441877841949
0.538867950439
0.841426849365
0.352399110794
0.248788118362
1.09762310982
0.455462217331
0.481944799423
0.519445180893
0.711285829544
0.368145942688
0.360717058182
0.395883798599
0.515668869019
0.31840801239
0.35560798645
0.452496051788
0.313878059387
0.381993770599
0.285873889923
0.6621530056
0.178803920746
0.669085979462
0.797428846359
0.406214952469
0.559709072113
0.388805866241
0.212643146515
0.310647010803
0.254198074341
0.694293022156
1.06788611412
0.734745025635
0.484606027603
0.600821971893
0.346384048462
0.468419075012
0.142539978027
0.281316041946
0.563024044037
0.805446147919
0.590018033981
0.319184064865
1.10260391235
0.30504989624
0.316484928131
0.380262851715
0.539625883102
0.550310134888
0.688678026199
0.246650934219
0.752373933792
0.464966058731
0.316715955734
0.726917028427
0.416182994843
0.435435056686
0.325990200043
0.593500852585
0.358450889587
0.678182125092
0.731745958328
0.346562862396
0.528975963593
0.305806875229
0.496642112732
0.638571023941
0.277939081192
0.281641960144
0.303641080856
0.383240938187
0.28698182106
0.663551092148
0.463020086288
0.61420583725
0.529731035233
0.854977846146
0.165148019791
0.404819011688
0.280089855194
0.304404020309
0.418674945831
0.546295166016
0.406317949295
0.296575784683
0.441424131393
0.472057104111
0.218783140182
0.550275087357
0.214119911194
0.178415060043
0.741992950439
0.28142786026
0.272543907166
0.168496131897
0.341659069061
0.219887971878
0.657211065292
0.0613620281219
0.271443128586
0.216076135635
0.336225986481
0.852446079254
0.673167943954
1.42194890976
0.439083099365
0.654322862625
0.343379974365
0.392355918884
0.544821023941
0.230135917664
0.502435922623
0.342071056366
0.190834999084
0.19081401825
0.475671052933
0.456406831741
0.832622051239
0.122637987137
0.517608880997
0.371443986893
0.455108165741
0.271949052811
0.292989015579
0.344538927078
0.399988174438
0.331079959869
0.226974964142
0.202009916306
0.208275079727
0.745456933975
0.236511945724
0.539957046509
0.231961965561
0.477595090866
0.239207029343
0.228959083557
0.244181156158
0.217974901199
0.239710092545
0.295945167542
1.73759293556
0.468126058578
0.648515939713
0.211542844772
0.214558124542
0.352526903152
0.348886966705
0.487957000732
0.36407995224
0.284030914307
0.222809791565
0.361743927002
0.0799009799957
0.181825876236
0.246052980423
0.613502025604
0.916651964188
0.646160840988
0.458850860596
0.619529008865
0.234732151031
0.343538999557
0.657283067703
0.261054039001
0.304911851883
0.291683197021
0.175554990768
0.544594049454
0.221935033798
0.289437770844
0.757479190826
0.312682151794
0.379442930222
0.663310050964
0.248091936111
0.458034992218
0.264230966568
0.272513151169
0.277735948563
0.517165184021
0.246736049652
0.289780139923
0.377399921417
0.20952796936
0.323372840881
0.409187078476
0.365268945694
1.28502488136
0.258708000183
0.496336936951
0.151719093323
1.33444786072
0.537179946899
0.170912027359
0.37926197052
0.357190132141
0.721680164337
0.591372966766
0.249096155167
0.143557071686
0.71374297142
0.201408863068
0.508761882782
0.179769039154
0.271034955978
0.111242055893
0.928480863571
0.256644010544
0.287415027618
0.447840213776
0.298244953156
0.261554002762
1.29233312607
0.274855852127
0.969607114792
0.857647895813
0.128432035446
0.211273908615
0.290318965912
0.694037914276
0.338214159012
0.187828063965
0.224881887436
0.288377046585
0.222463130951
0.293790102005
1.3163151741
0.392137050629
0.741868019104
0.497125864029
0.504785060883
0.850727796555
0.297347784042
0.384188890457
2.27055382729
0.385581016541
0.583976984024
0.252388000488
0.596498966217
0.207661867142
0.177273035049
0.193897008896
0.243165969849
0.415881872177
0.797590017319
0.367161035538
0.370840072632
0.525074958801
0.295659065247
0.395709037781
0.421489953995
0.273572921753
0.179243087769
0.382395982742
0.351647138596
0.483674049377
0.417688846588
0.597780942917
0.197694063187
0.187289953232
0.467525005341
0.363454818726
0.357492923737
0.445448875427
0.349592208862
0.379374980927
0.172966003418
0.353750944138
0.251870155334
0.169355869293
1.31561207771
0.468033075333
0.315618991852
0.2551009655
0.494762897491
0.291891813278
0.339997053146
0.177179098129
0.277564048767
0.544063091278
0.612010002136
0.954137802124
0.361829996109
0.543480157852
0.891314029694
0.275399923325
0.224910974503
0.398204088211
0.349642038345
0.282064914703
0.11590886116
0.478549003601
0.450548171997
0.611999988556
0.262253046036
0.382516860962
0.287164926529
0.612375020981
0.56347990036
1.21006393433
1.04198908806
0.32074713707
0.125060796738
0.292233943939
1.36657190323
0.655554056168
0.368760108948
0.374944925308
0.903486967087
1.36487984657
0.43424987793
0.397774934769
0.670623064041
0.612733125687
0.274204015732
0.24506187439
0.302196979523
0.306241035461
0.2876329422
0.358515977859
0.297692060471
0.137648105621
0.250516176224
0.20663189888
0.322868108749
0.335730075836
0.202619075775
0.148712873459
0.531130075455
0.394536018372
0.318084955215
0.333003044128
0.27760386467
0.385624885559
0.397934913635
2.54380297661
0.217693090439
0.815129041672
0.263195991516
0.344210863113
0.448200941086
0.382381916046
0.387438058853
0.332632064819
0.584547042847
0.262904167175
0.240584850311
0.265748023987
0.52560710907
0.746042966843
0.426381111145
0.128935813904
1.3406059742
0.384982824326
0.266393899918
0.309056043625
0.206972122192
0.620902061462
0.374866962433
0.191634893417
0.354447126389
0.957733869553
1.65517520905
1.4210100174
0.348377943039
0.288956165314
0.203118085861
0.539717197418
0.451218128204
0.470124006271
0.231584072113
0.169512033463
0.473681211472
0.252797842026
0.298711061478
0.257005929947
0.172423124313
0.279869794846
0.263808012009
11.2374370098
0.351627826691
0.280381917953
0.256453037262
13.2632889748
0.49242401123
0.156367063522
2.50639295578
0.122302055359
3.40875697136
0.146709918976
4.03330492973
0.298316955566
0.229391098022
0.291983127594
0.329832077026
0.23017001152
0.15096116066
1.35439705849
0.199627876282
0.282863140106
0.308654069901
0.665550947189
3.23649811745
1.23100805283
0.171128034592
0.275439977646
0.388242006302
0.333276033401
0.248058795929
0.313164949417
0.233881950378
0.423434019089
0.277814865112
0.17243885994
0.563714027405
0.36621594429
0.293112039566
0.145530939102
0.323309183121
0.199994087219
0.252690076828
0.270961046219
0.167961835861
0.496435880661
0.438117980957
0.240703821182
0.207587957382
0.500552177429
0.254432916641
0.162026882172
0.339116096497
0.326019048691
0.103953123093
0.361677885056
0.273771047592
0.167545080185
0.314236164093
1.0988099575
0.297241926193
0.306885004044
0.42786693573
0.35470700264
0.569787025452
0.338189840317
1.85469698906
0.180037975311
0.141193151474
0.410799026489
0.321825027466
0.287365913391
0.24519610405
0.500998973846
0.254338979721
0.131704092026
1.27143406868
0.135989189148
0.13977599144
0.717638015747
0.276554822922
0.297012090683
0.306355953217
0.166481971741
0.589695930481
0.439534902573
0.264671087265
0.444571971893
0.40737080574
2.27023601532
0.398283004761
0.227072000504
0.211585998535
0.258754014969
0.241791963577
0.259658813477
0.339242935181
0.742085933685
0.199836015701
0.460167884827
0.338647127151
0.192972898483
0.723963022232
1.22890901566
0.273497819901
0.19824385643
0.46941614151
0.451266050339
0.248478889465
0.0713481903076
1.282310009
0.289853096008
0.194818019867
0.296539783478
0.309001922607
0.272644996643
0.241139173508
0.159354925156
0.378098964691
0.21101808548
0.34481215477
0.12958407402
0.286327123642
0.455670118332
0.12099313736
0.277163982391
0.263760089874
0.487114906311
0.45133805275
0.227709054947
0.282700061798
0.35267496109
0.132820129395
0.509607076645
0.390376091003
0.137250185013
0.334485054016
0.251852035522
0.202399015427
0.176309108734
0.251483917236
0.31049489975
0.210877895355
0.212256193161
0.31264090538
0.382009029388
0.320295095444
0.0892109870911
0.141371011734
0.377825975418
0.313043832779
0.33961391449
0.33233499527
0.0993230342865
0.66893196106
0.266226053238
0.337173938751
0.311964035034
0.417772054672
0.267606019974
0.260621070862
0.130798101425
4.1535320282
1.22786307335
0.425868034363
0.297358989716
0.13201212883
0.369641065598
0.312392950058
0.310344219208
0.255622148514
0.0755338668823
0.327513933182
0.236600875854
0.171433925629
0.378897190094
0.404106855392
0.492594003677
0.322188854218
0.2319419384
0.391225099564
0.422085046768
0.125009059906
0.274528980255
0.236168146133
0.424942016602
0.166423082352
0.274075031281
0.437605142593
0.288464069366
0.246133089066
0.277378082275
0.279156923294
0.229519128799
0.217454910278
0.361611843109
0.221225976944
0.270133972168
0.467298984528
0.259947061539
0.449021100998
0.297789096832
0.261492967606
0.165668010712
0.55131816864
0.301072835922
0.48176908493
0.342418909073
0.149220943451
0.286893844604
0.237917900085
0.531474113464
0.933819055557
0.189765930176
0.146692037582
0.439280986786
0.471439838409
0.45864200592
0.325161933899
0.861230134964
0.625457048416
0.328968048096
0.209810018539
0.742827892303
0.419425010681
0.217338085175
0.535331964493
0.258136987686
0.149126052856
0.528693199158
0.553718090057
0.563450813293
0.373950004578
7.63874602318
11.8212070465
7.48267006874
7.50045895576
5.26467394829
6.23657608032
5.93394708633
1.83671689034
1.64498996735
2.80853915215
4.10320496559
1.97738695145
1.59625697136
3.49556803703
2.9010591507
4.24921989441
3.18043708801
3.15197110176
1.7537021637
2.01944088936
0.589358091354
3.36844420433
2.87186193466
14.3661367893
0.875080108643
1.57999706268
1.03715991974
0.965096950531
1.25382590294
1.47182202339
2.71991896629
1.08888483047
0.924484014511
1.07172679901
0.81312084198
0.501418113708
0.787597894669
0.301485061646
0.801149129868
1.1285378933
0.572705984116
0.936405897141
0.410597801208
2.73687982559
0.716062784195
0.507564067841
0.813783884048
0.90598487854
1.31305408478
0.507477998734
0.972440958023
0.345194101334
0.632744073868
2.98270988464
3.02277302742
0.623163938522
0.702847003937
0.200474977493
1.80936598778
0.573210954666
0.500012874603
1.79683208466
1.04059386253
3.82177114487
1.35962700844
0.207914113998
0.468257188797
0.895200014114
1.43133401871
0.572788953781
0.912916898727
0.444983005524
0.471934080124
1.2714369297
1.17104291916
0.997445106506
0.90922999382
0.899264812469
1.39768815041
0.509204864502
0.553521871567
0.598326921463
0.460433959961
0.660881996155
0.892421007156
2.95342302322
0.626446962357
0.886513948441
1.5187599659
0.792393922806
0.570438146591
0.873491048813
0.818962097168
0.684276103973
0.342844009399
1.12451910973
1.15202379227
0.517576932907
0.608076810837
1.22143292427
0.4452688694
2.95682501793
0.689968109131
0.349395990372
0.711918115616
0.694892168045
1.03431606293
0.716526985168
1.12214708328
0.668516874313
0.271975040436
1.20263004303
0.275192975998
0.423640966415
1.39760112762
0.348690986633
0.701735019684
0.660754919052
0.715862989426
0.492779016495
0.805059909821
0.818556070328
1.1676440239
0.310841798782
0.493824005127
0.48271894455
0.526926994324
0.894571065903
1.8718559742
0.613352060318
1.13523221016
0.508130073547
0.824624061584
0.285886049271
0.595642089844
0.965610027313
1.40753698349
0.282531023026
0.418547868729
0.725694894791
1.44431400299
0.837446928024
0.494776010513
0.645556926727
1.41484308243
1.03090000153
0.479943990707
1.66152310371
0.908543109894
0.348519086838
1.20747089386
0.517647027969
1.4942741394
0.393700122833
2.36378383636
0.660519838333
0.86697602272
0.662155866623
0.462927103043
0.382659912109
2.945925951
0.694545984268
0.350219011307
1.05252981186
0.558713912964
0.976130008698
1.83111286163
0.70179605484
0.72367978096
0.893453836441
0.418578863144
2.77886891365
4.62727594376
0.276152849197
0.931306838989
0.922564983368
0.379463911057
0.59686589241
1.09607005119
0.781955003738
0.358654975891
0.396666049957
1.01185798645
3.31542110443
0.636940002441
0.541309118271
0.596072912216
0.248008966446
0.55123591423
1.00180697441
1.1185901165
1.18281507492
0.241847991943
3.68546080589
0.447592020035
0.877895832062
0.916052818298
0.979194879532
0.42529797554
0.564321994781
0.380671024323
0.843527078629
0.31751704216
1.10245394707
0.316143989563
0.427747011185
0.617388963699
0.749639034271
0.635289907455
0.304964065552
0.358821868896
0.72875213623
0.658931016922
0.499038934708
0.436882019043
4.81236791611
0.575196027756
0.587985038757
0.56339097023
1.00486516953
1.75508904457
0.807267904282
0.788019895554
1.5040910244
0.50840306282
0.326987981796
0.939447879791
0.3914539814
0.640871047974
0.660397052765
0.460435152054
0.402203083038
0.471117973328
0.761458158493
0.478487968445
1.83052515984
0.435429811478
0.540065050125
0.26345705986
0.71880698204
0.361978054047
0.563563108444
0.643738985062
0.828350067139
0.432593822479
1.99468898773
0.413386106491
1.06871795654
0.474067926407
0.473855018616
0.749464035034
0.792520046234
0.508965015411
0.543853998184
0.500513076782
0.398707866669
0.466495990753
0.485295057297
0.611082792282
0.426674127579
0.486682891846
1.10533618927
1.99084591866
1.0411272049
0.649069786072
0.911856174469
0.736649036407
0.701003074646
0.396503210068
0.558279037476
1.1706340313
0.370056152344
0.682589054108
0.385824918747
0.666368961334
0.824412107468
0.742223024368
0.491415023804
0.285252094269
0.580892086029
0.535140991211
1.11851406097
0.76769900322
0.685359954834
1.26804995537
0.308151006699
0.696558952332
0.744891166687
0.657706975937
0.543097019196
0.353074789047
0.640675067902
0.61084985733
1.24591994286
0.867915153503
2.93144607544
0.425379991531
0.692648887634
0.906873941422
0.453225851059
0.261167049408
0.408850193024
0.240540027618
4.26838898659
10.237787962
9.06635212898
11.3027770519
8.17758989334
5.5129070282
8.78689217567
5.02439308167
2.0408000946
7.17939710617
1.88120889664
2.43343782425
3.75147390366
5.11564803123
6.34694504738
2.62182092667
4.83360385895
1.27474284172
1.64937806129
2.36136698723
2.65854001045
1.13943886757
3.68751692772
1.53926110268
1.03166818619
1.77922105789
1.93198800087
0.953341007233
1.75443410873
4.1601369381
4.99153518677
1.26239180565
2.06641697884
1.04785203934
1.30707216263
0.747798919678
1.27237296104
1.4405708313
1.453977108
2.02269816399
0.442157030106
2.07648587227
1.7421848774
0.968617916107
1.43952989578
1.052932024
0.727614879608
2.37862491608
0.965455055237
3.48744297028
1.91861486435
1.65635204315
0.698357820511
4.84305095673
2.06388115883
1.98856186867
1.45825505257
1.51122999191
1.29473590851
0.946435213089
0.733373880386
1.22000217438
1.44276595116
0.999737024307
1.68912696838
1.8553981781
1.49509191513
2.00361680984
1.61135101318
1.22166705132
1.27497792244
0.806728124619
1.09985899925
0.994509935379
1.47061491013
1.69161200523
0.774436950684
1.19042611122
1.49797415733
1.7092730999
0.75724697113
1.52417397499
0.75918507576
0.879021167755
1.39210009575
1.27016282082
1.09496998787
1.66518592834
0.86579990387
1.45464515686
1.93084907532
1.11083483696
1.11709904671
1.45202994347
0.824757099152
0.767249107361
0.763550043106
0.872668027878
1.31044483185
1.89389300346
0.939353942871
1.29661488533
1.02537798882
0.8861079216
0.815691947937
0.715370893478
1.08073711395
1.00639104843
0.428599119186
1.45885705948
1.20655107498
0.885222911835
0.370069026947
0.992555856705
1.19414901733
1.20515012741
0.59194111824
1.11849188805
0.764307975769
0.501632928848
1.09364390373
0.616291999817
1.18656182289
8.93664383888
13.6367709637
8.00688886642
2.65575909615
2.28700399399
2.77420711517
2.19530701637
2.00565719604
0.252501964569
