34.2542769909
0.473462104797
0.732172012329
0.656638145447
0.673279047012
0.626826047897
1.28167200089
0.857610940933
0.692758083344
0.482371091843
0.454363822937
0.720830917358
0.413345813751
0.432454109192
0.608510971069
0.422441005707
1.22781705856
0.382649898529
0.571939229965
0.77406001091
0.947082042694
0.624439954758
12.5692081451
8.68039512634
4.93396496773
5.1506228447
4.88272404671
5.06305909157
2.32329392433
2.75144004822
1.70205998421
2.85980796814
3.95041394234
1.76243805885
1.53109693527
1.68055105209
1.98846817017
1.88323092461
2.08863186836
1.99215197563
1.50576496124
1.64761805534
1.56105494499
2.1875128746
1.74177193642
0.621835947037
1.58428001404
1.0581009388
2.03469610214
2.08990097046
1.75762915611
2.23046684265
3.27486801147
1.90421485901
0.939483165741
1.19555997849
1.49868392944
2.04737997055
3.34098792076
1.63627099991
1.49469304085
1.47440385818
1.12961006165
2.77330994606
1.3135509491
1.57803297043
3.12010908127
1.6691300869
22.0547208786
0.890550136566
3.338285923
0.79243183136
0.754581928253
0.350664138794
2.05206894875
3.85295987129
0.645616054535
0.694975852966
1.13160586357
0.484272003174
0.637974977493
0.827219963074
1.55378508568
0.666385173798
3.58451795578
1.67014098167
1.39224791527
1.28128695488
2.6099448204
113.401316166
23.0351140499
16.4622089863
11.0646569729
16.6060938835
8.41219496727
9.16933703423
7.00136613846
9.6328098774
7.92865300179
6.09237504005
6.6052749157
10.0530381203
6.58688521385
7.31052088737
7.54245209694
7.31200003624
4.7472858429
4.57528710365
6.81333398819
7.31433200836
8.77887201309
4.80344820023
3.58948802948
2.68751811981
5.82772994041
7.41744589806
2.81773686409
5.53851699829
5.68881917
95.1325359344
48.2182409763
23.8970899582
26.7936038971
21.0675370693
23.5172231197
15.3472321033
10.9364409447
14.5640399456
15.2698459625
13.2150359154
13.3337919712
53.2885580063
13.3923048973
