1549
9
6
3
3
2
3
2
2
3
2
2
3
3
2
3
5
3
4
6
5
6
3
4
1
4
3
3
3
3
2
2
2
5
4
3
3
4
7
2
4
1
4
4
2
2
2
2
2
2
5
2
2
9
2
4
5
2
3
2
2
3
2
3
5
3
5
5
9
2
3
2
6
12
10
5
2
3
2
2
3
2
1
2
2
2
6
3
2
1
2
2
2
1
5
6
3
2
1
3
2
5
2
2
3
2
2
2
2
2
3
2
1
4
2
3
3
3
2
2
4
3
2
4
2
2
1
2
7
3
3
2
1
3
2
3
1
4
4
2
2
3
4
2
1
2
3
2
2
2
3
2
2
5
4
10
2
3
6
2
2
2
3
6
5
4
5
4
2
2
3
5
3
3
4
7
5
2
4
6
5
2
5
2
4
3
2
3
2
2
3
1
7
4
4
4
2
3
6
3
2
2
3
4
2
2
3
4
5
4
4
7
57
24
44
17
13
10
11
24
11
9
10
10
14
8
15
11
6
6
11
9
18
7
8
6
7
7
16
6
11
9
9
7
9
11
3
4
11
12
10
12
5
7
6
17
8
4
3
5
8
2
2
7
8
7
6
7
9
5
2
10
4
6
5
7
3
4
5
6
3
4
4
4
5
3
9
3
11
7
7
8
5
3
5
3
9
10
8
5
6
2
4
3
3
7
8
5
6
13
5
4
5
5
6
10
3
8
3
2
6
4
3
4
6
6
5
7
3
5
3
4
6
2
3
4
4
4
8
4
7
6
8
2
7
2
2
5
5
4
3
4
5
2
6
2
2
6
3
3
2
3
2
5
2
3
2
3
9
5
16
7
6
3
5
6
2
5
5
2
2
3
4
6
1
6
4
5
2
2
5
3
3
3
3
2
8
2
4
3
5
2
4
2
3
2
3
17
5
6
2
2
2
3
4
3
4
3
3
2
2
2
5
8
7
4
5
2
2
5
2
2
3
1
5
2
2
10
3
3
4
2
3
2
2
2
4
2
3
3
3
2
4
3
14
2
5
2
19
6
2
3
3
7
5
2
1
5
2
4
2
2
1
8
2
2
4
2
2
10
2
10
7
2
2
3
6
3
2
2
2
2
2
12
3
8
4
3
9
2
3
22
4
5
2
5
2
1
2
2
3
7
4
4
4
2
3
3
2
2
4
4
4
3
7
2
2
4
3
2
3
2
2
1
3
2
1
11
3
2
2
5
2
3
2
2
6
4
7
2
4
6
2
2
3
2
2
1
5
3
6
2
3
2
5
5
13
13
2
2
2
13
6
2
3
9
11
3
3
6
5
4
2
2
2
2
2
2
1
2
3
3
2
2
1
5
3
3
2
2
3
3
29
1
6
2
2
4
3
4
2
5
2
2
2
3
6
4
1
9
2
2
2
1
5
2
1
3
7
15
16
2
2
1
4
3
3
2
1
3
1
2
2
1
2
2
119
2
2
2
157
4
1
22
1
31
2
38
2
2
2
3
2
1
11
3
2
2
7
39
9
2
2
2
3
2
2
2
3
2
1
4
2
2
1
2
2
2
1
1
4
3
2
2
4
2
1
2
3
1
3
2
2
2
10
2
2
3
2
4
2
19
2
1
3
2
2
2
3
2
1
11
2
1
6
2
2
2
1
5
3
2
4
4
23
2
1
2
2
2
2
3
6
2
3
3
2
6
9
2
2
3
3
2
1
10
4
1
2
2
2
2
1
2
2
2
1
2
2
1
2
2
4
3
4
2
2
1
4
2
1
2
2
2
1
2
2
1
1
2
2
2
1
1
3
2
2
3
1
6
2
2
2
3
2
2
1
50
11
4
2
1
2
3
2
2
1
3
2
1
4
3
4
2
1
3
5
1
2
2
2
1
2
3
3
2
2
2
2
1
2
2
4
4
2
3
2
2
1
3
2
4
2
1
2
1
5
6
2
1
2
3
3
2
6
4
2
2
4
2
1
4
2
1
3
3
3
2
87
109
69
76
48
51
46
21
12
27
36
17
10
25
25
34
24
25
12
22
5
26
22
122
6
13
8
6
9
9
24
8
6
8
6
3
5
2
6
8
4
6
3
17
5
4
5
8
10
4
7
2
5
22
18
4
7
2
18
4
4
12
9
28
9
2
3
5
8
4
6
2
3
8
7
7
6
5
9
3
4
3
2
5
5
22
5
4
10
4
4
5
4
4
2
6
7
3
5
8
3
18
4
2
4
4
5
6
8
4
2
7
2
3
8
2
4
3
4
3
5
5
6
2
3
3
3
6
12
5
7
3
6
2
3
6
8
2
2
4
8
6
3
4
7
9
3
10
6
2
8
4
9
4
19
4
6
4
3
2
23
5
2
6
3
9
16
4
4
5
3
19
33
2
5
5
2
3
7
5
2
2
6
20
3
3
4
2
3
8
7
6
3
24
3
5
5
6
3
3
2
4
2
9
2
3
4
6
3
2
2
4
3
3
3
30
3
3
3
7
11
5
4
9
2
2
5
2
3
4
3
2
3
4
3
9
2
3
2
3
2
3
3
4
2
12
3
7
3
2
4
5
3
2
2
2
2
2
3
2
3
7
12
8
3
4
3
3
2
2
7
2
4
2
4
4
4
3
2
3
3
7
4
3
7
3
3
4
3
3
2
4
3
7
4
18
2
4
4
2
2
2
2
28
67
57
67
48
40
59
28
12
43
12
13
25
30
35
16
29
6
9
16
15
6
24
7
5
10
10
6
10
23
29
8
12
6
7
4
8
10
8
10
4
10
10
5
8
5
4
13
5
19
12
9
4
25
11
11
8
7
6
7
4
6
7
5
8
8
7
9
7
6
7
3
5
6
7
9
3
5
7
8
4
7
4
4
8
7
5
6
5
8
14
6
6
8
4
4
4
4
6
8
4
6
5
4
4
3
5
5
2
8
6
5
2
5
6
7
3
6
3
2
4
3
7
46
67
46
15
12
13
11
12
1
