12.1247739792
0.0775408744812
0.0634939670563
0.0392308235168
0.0322329998016
0.0321228504181
0.0398831367493
0.0335290431976
0.0310561656952
0.0325410366058
0.0237560272217
0.0337369441986
0.040519952774
0.0409529209137
0.031448841095
0.0414929389954
0.0505359172821
0.0351419448853
0.0442700386047
0.0558199882507
0.0578579902649
0.0650260448456
0.0394310951233
0.0464761257172
0.020613193512
0.0494480133057
0.0329608917236
0.0419089794159
0.0411360263824
0.045147895813
0.035248041153
0.0269401073456
0.0253109931946
0.0641810894012
0.0521440505981
0.046196937561
0.03560090065
0.0428938865662
0.0762848854065
0.0367958545685
0.0475687980652
0.0199241638184
0.0526428222656
0.0521461963654
0.0333108901978
0.0367798805237
0.0362460613251
0.033282995224
0.0255520343781
0.0292389392853
0.0587630271912
0.0348858833313
0.0326189994812
0.0910658836365
0.0318570137024
0.0418679714203
0.0496928691864
0.0318310260773
0.0340259075165
0.0355350971222
0.0328280925751
0.0421450138092
0.0364470481873
0.034227848053
0.0555369853973
0.0342228412628
0.0590708255768
0.0530741214752
0.0887172222137
0.0332431793213
0.0437459945679
0.0333468914032
0.0674510002136
0.114549875259
0.100942134857
0.0618078708649
0.0346839427948
0.0446288585663
0.0298569202423
0.0269649028778
0.0346210002899
0.0334420204163
0.0201578140259
0.0354740619659
0.0369539260864
0.0404419898987
0.0694489479065
0.0454280376434
0.033821105957
0.0206429958344
0.0352611541748
0.0332210063934
0.0350790023804
0.0206699371338
0.0638179779053
0.0598111152649
0.0413019657135
0.0332951545715
0.0217838287354
0.047935962677
0.0363988876343
0.0604810714722
0.0373909473419
0.0379087924957
0.0473229885101
0.0367209911346
0.0276930332184
0.0299150943756
0.0320401191711
0.0386869907379
