11.8610990047
0.0419409275055
0.0511291027069
0.0388970375061
0.033707857132
0.0265591144562
0.0634779930115
0.0279660224915
0.0327179431915
0.0335881710052
0.0238721370697
0.0314469337463
0.0337550640106
0.0334639549255
0.0412111282349
0.02374792099
0.0522150993347
0.0407280921936
0.0219337940216
0.0409429073334
0.0224161148071
0.0415961742401
0.0234909057617
0.0405220985413
0.0228011608124
0.0860958099365
0.0228700637817
0.0415840148926
0.0342538356781
0.0349500179291
0.0224149227142
0.0317568778992
0.041797876358
0.0525181293488
0.0360460281372
0.0209379196167
0.0218579769135
0.0186629295349
0.021742105484
0.0177829265594
0.02210688591
0.017630815506
0.0216398239136
0.0185961723328
0.029354095459
0.0185868740082
0.029158115387
0.0182480812073
0.0417220592499
0.0548598766327
0.0278677940369
0.0208458900452
0.030412197113
0.0179109573364
0.0141489505768
0.0179078578949
0.0174589157104
0.0141649246216
0.0176689624786
0.0140640735626
0.0164368152618
0.0172111988068
0.0140211582184
0.0414979457855
0.0341811180115
0.0348160266876
0.0339670181274
0.0342779159546
0.060222864151
0.0219838619232
0.0717451572418
0.0343248844147
0.0222828388214
0.0511789321899
0.0347709655762
0.0352540016174
0.0358068943024
0.0356118679047
0.0369749069214
0.038360118866
0.0235648155212
0.0317690372467
0.0331950187683
0.0452139377594
0.0420229434967
0.0227110385895
0.0445699691772
0.022392988205
0.0418319702148
0.0248370170593
0.0410451889038
0.0230360031128
0.040717124939
0.0229830741882
0.043573141098
0.0511431694031
0.0507090091705
0.0225188732147
0.0296201705933
0.0307419300079
0.0420000553131
0.0226218700409
0.0352520942688
0.0312919616699
0.0310781002045
0.0426440238953
0.0450298786163
0.0354080200195
0.0356750488281
0.0350868701935
0.0512092113495
0.0445630550385
0.0228850841522
0.0332109928131
0.0496070384979
0.0418031215668
0.04558801651
0.0236330032349
0.0465660095215
0.0354249477386
0.0358037948608
0.0363328456879
0.0462801456451
0.0234880447388
0.0396289825439
0.031996011734
0.0424089431763
0.0234649181366
0.0409939289093
0.0271739959717
0.0410590171814
0.0227642059326
0.0409569740295
0.0228140354156
0.0416889190674
0.0435049533844
0.0420250892639
0.0225930213928
0.029501914978
0.0305740833282
0.0311620235443
0.0306351184845
0.0316450595856
0.0321469306946
0.0520589351654
0.0358340740204
0.0230979919434
0.0445058345795
0.0231750011444
0.0546350479126
0.0230250358582
0.0324771404266
0.032212972641
0.0319349765778
0.0409560203552
0.0226361751556
0.0414838790894
0.025456905365
0.0303308963776
0.0306050777435
0.0522639751434
0.0236349105835
0.0440380573273
0.0241558551788
0.0444099903107
0.0378849506378
0.0208427906036
0.0336790084839
0.0331919193268
0.0329658985138
0.0419590473175
0.0344550609589
0.0358808040619
0.052885055542
0.0505990982056
0.041965007782
0.0229911804199
0.0297939777374
0.0317661762238
0.0548319816589
0.051735162735
0.0353820323944
0.0414938926697
0.0330529212952
0.0501620769501
0.0389120578766
0.0252749919891
0.0322930812836
0.0368099212646
0.0349831581116
0.0250639915466
0.0325500965118
0.0331611633301
0.0425250530243
0.0360579490662
0.0345759391785
0.0345499515533
0.0370109081268
0.0345439910889
0.0507221221924
0.0446801185608
0.0231778621674
0.0332098007202
0.0314400196075
0.0318729877472
0.0312089920044
0.0458750724792
0.0228011608124
0.0510399341583
0.023530960083
0.0452048778534
0.0229229927063
0.0461158752441
0.0229969024658
0.0445499420166
0.0232510566711
0.0448379516602
0.0375051498413
0.0232470035553
0.0456118583679
0.0231490135193
0.0448331832886
0.0354449748993
0.0234191417694
0.0822219848633
0.0921139717102
0.0231170654297
0.0449650287628
0.0362188816071
0.0231468677521
0.0415251255035
0.0337731838226
0.0342929363251
0.0341711044312
0.0344178676605
0.0959079265594
0.0230538845062
0.0327880382538
0.0334780216217
0.0340371131897
0.0332450866699
0.0334830284119
0.0440690517426
0.0371370315552
0.0468490123749
0.0360641479492
0.0526211261749
0.0405089855194
0.0247781276703
0.0350630283356
0.0371890068054
0.0285568237305
0.0372688770294
0.0364451408386
0.0514590740204
0.0361850261688
0.0236427783966
0.0469980239868
0.0241959095001
0.0474607944489
0.0238080024719
0.0478281974792
0.0577440261841
0.0577797889709
0.023983001709
0.0444378852844
0.0239639282227
0.0647139549255
0.0340020656586
0.0567600727081
0.0228350162506
0.0455510616302
0.0389149188995
0.0830299854279
0.0554430484772
0.0237619876862
0.0321500301361
0.0442168712616
0.0238008499146
0.0315999984741
0.0328731536865
0.0472149848938
0.0554420948029
0.0561709403992
0.0246150493622
0.0490310192108
0.0238678455353
0.0509850978851
0.0239799022675
0.0481989383698
0.0238261222839
0.0473239421844
0.0771908760071
0.0572118759155
0.0454580783844
0.0475361347198
0.0239181518555
0.0340571403503
0.0349578857422
0.0361390113831
0.0349040031433
0.0350589752197
0.0361289978027
0.0349969863892
0.0340070724487
0.0349278450012
0.0341079235077
0.0416400432587
0.0230329036713
0.0416460037231
0.0234661102295
0.0415849685669
0.023059129715
0.0575649738312
0.0348670482635
0.0228869915009
0.0312621593475
0.0312819480896
0.0507900714874
0.0272419452667
0.0452959537506
0.0384409427643
0.0454289913177
0.0233960151672
0.0360240936279
0.0503129959106
0.0235838890076
0.0468189716339
0.0338299274445
0.0520420074463
0.0507290363312
0.0236089229584
0.0464248657227
0.0418820381165
0.0230579376221
0.0442600250244
0.0232779979706
0.0421240329742
0.0231878757477
0.0442850589752
0.0241150856018
0.0422759056091
0.0519499778748
0.050164937973
0.034698009491
0.0297069549561
0.030287027359
0.0317568778992
0.0317559242249
0.03235912323
0.0317938327789
0.0279371738434
0.036080121994
0.0368890762329
0.0396130084991
0.036474943161
0.0357120037079
0.0435900688171
0.0610129833221
0.0358459949493
0.0232951641083
0.0326108932495
0.0343680381775
0.0554251670837
0.0450348854065
0.0524580478668
0.0374341011047
0.0288140773773
0.0324010848999
0.0291049480438
0.0373551845551
0.0374681949615
0.0709040164948
0.0373339653015
0.0576889514923
0.0455169677734
0.0365569591522
0.0261619091034
0.0320818424225
0.0297520160675
0.023864030838
0.0487849712372
0.0245161056519
0.0474629402161
0.0247671604156
0.0486869812012
0.024374961853
0.0489931106567
0.0248579978943
0.0484058856964
0.0253698825836
0.0474979877472
0.0242869853973
0.048238992691
0.0243120193481
0.047544002533
0.0613598823547
0.0265100002289
0.0750319957733
0.0243220329285
0.0344898700714
0.0353469848633
0.0355200767517
0.0360238552094
0.0358641147614
0.0357429981232
0.0357310771942
0.0354590415955
0.0353381633759
0.0395247936249
0.0349478721619
0.036171913147
0.0352001190186
0.0449590682983
0.0542900562286
0.0435960292816
0.0477540493011
0.0391020774841
0.0262529850006
0.0282649993896
0.0253808498383
0.047544002533
0.0238530635834
0.0454471111298
0.0235979557037
0.046718120575
0.0238409042358
0.0454759597778
0.0234799385071
0.0454630851746
0.0238440036774
0.0468158721924
0.0362248420715
0.0266389846802
0.0346329212189
0.0340948104858
0.0348060131073
0.0364928245544
0.0340890884399
0.0352649688721
0.0344309806824
0.0345499515533
0.043251991272
0.0354101657867
0.0351729393005
0.0361399650574
0.0520780086517
0.0448031425476
0.0255990028381
0.0428688526154
0.0455338954926
0.0236818790436
0.0458240509033
0.0248939990997
0.0455551147461
0.0271520614624
0.0481071472168
0.0233550071716
0.0476861000061
0.0232579708099
0.0705580711365
0.0527350902557
0.0236768722534
0.0329031944275
0.0343949794769
0.0351750850677
0.034303188324
0.0345048904419
0.034325838089
0.0469858646393
0.0470077991486
0.0240387916565
0.0458271503448
0.023885011673
0.0468509197235
0.0240800380707
0.0467758178711
0.0266530513763
0.0337700843811
0.036817073822
0.0365300178528
0.0398590564728
0.0367619991302
0.0491240024567
0.0297300815582
0.0246410369873
0.028265953064
0.0149338245392
0.0270311832428
0.0151538848877
0.018009185791
0.0148141384125
0.0268349647522
0.0178871154785
0.0579481124878
0.0571990013123
0.0391490459442
0.0257449150085
0.0459048748016
0.0310840606689
0.0459961891174
0.024374961853
0.0458400249481
0.0244269371033
0.0461430549622
0.0225069522858
0.0460810661316
0.0247011184692
0.0472791194916
0.0564630031586
0.052405834198
0.0244188308716
0.032546043396
0.0340569019318
0.0336639881134
0.0391712188721
0.0334961414337
0.0334470272064
0.0350661277771
0.0334057807922
0.0495331287384
0.0638628005981
0.0497648715973
0.037750005722
0.0576260089874
0.0573298931122
0.0318131446838
0.0221750736237
0.023020029068
0.0177731513977
0.0254719257355
0.0173799991608
0.0269770622253
0.0150208473206
0.0254609584808
0.0273368358612
0.0374720096588
0.0193181037903
0.0165319442749
0.0188050270081
0.0146660804749
0.0190708637238
0.0146379470825
0.0147769451141
0.0184190273285
0.0431258678436
0.0490128993988
0.0374431610107
0.0383429527283
0.0260760784149
0.0334329605103
0.0349690914154
0.0487449169159
0.0361459255219
0.0391631126404
0.0247571468353
0.0311639308929
0.0541441440582
0.0238580703735
0.0461568832397
0.0240941047668
0.0462870597839
0.0466198921204
0.0447301864624
0.0240168571472
0.0466730594635
0.0236959457397
0.0364079475403
0.0446598529816
0.0362210273743
0.0357978343964
0.0403230190277
0.024594783783
0.0327870845795
0.0464818477631
0.0369009971619
0.0379920005798
0.0389671325684
0.0476489067078
0.0249040126801
0.0464200973511
0.043310880661
0.0282790660858
0.0440549850464
0.0241689682007
0.0438320636749
0.0240819454193
0.0441370010376
0.0238871574402
0.0435280799866
0.0238220691681
0.0435299873352
0.0243399143219
0.0458459854126
0.02525806427
0.0514030456543
0.0248868465424
0.0528321266174
0.0248401165009
0.0791490077972
0.0379800796509
0.024847984314
0.0344920158386
0.035835981369
0.0483272075653
0.0265429019928
0.0354239940643
0.0461921691895
0.0248789787292
0.0365610122681
0.0339910984039
0.0338819026947
0.0342969894409
0.0394990444183
0.0333368778229
0.034747838974
0.033567905426
0.032066822052
0.0237350463867
0.0496740341187
0.0251860618591
0.0399458408356
0.047544002533
0.0378460884094
0.038498878479
0.0386550426483
0.0574271678925
0.0257000923157
0.0633099079132
0.0250310897827
0.0740549564362
0.0256190299988
0.0510249137878
0.0258619785309
0.0493180751801
0.0251588821411
0.0455830097198
0.0247631072998
0.04660987854
0.0265939235687
0.033390045166
0.0343132019043
0.0340390205383
0.035660982132
0.0500700473785
0.0383610725403
0.0419578552246
0.0251080989838
0.0468890666962
0.0246739387512
0.0471239089966
0.0464971065521
0.0517239570618
0.02596783638
0.0348858833313
0.052628993988
0.0464520454407
0.0489130020142
0.0296969413757
0.0315971374512
0.027379989624
0.034893989563
0.037425994873
0.0182869434357
0.0165870189667
0.0158550739288
0.0450699329376
0.064887046814
0.0375678539276
0.0504581928253
0.0387358665466
0.0274760723114
0.0387530326843
0.0445408821106
0.0381269454956
0.0257999897003
0.0323820114136
0.0670878887177
0.0249450206757
0.0516290664673
0.0254340171814
0.0509991645813
0.0267498493195
0.0358700752258
0.0380761623383
0.0370090007782
0.0370109081268
0.0366220474243
0.0461640357971
0.0447480678558
0.0383610725403
0.0373480319977
0.0374851226807
0.0376160144806
0.0385518074036
0.0376451015472
0.039813041687
0.053200006485
0.0453038215637
0.0895788669586
0.0788669586182
0.0248010158539
0.0332701206207
0.0336620807648
0.0335099697113
0.0343170166016
0.0331819057465
0.0342650413513
0.0335600376129
0.0336208343506
0.0594048500061
0.0416371822357
0.0461118221283
0.0370168685913
0.0374441146851
0.0536291599274
0.0586822032928
0.0245161056519
0.0385630130768
0.0390560626984
0.0404288768768
0.0392189025879
0.0396468639374
0.0506339073181
0.0391199588776
0.0396640300751
0.039128780365
0.0470230579376
0.0395059585571
0.0258958339691
0.0378279685974
0.0374500751495
0.0510230064392
0.039048910141
0.025542974472
0.044750213623
0.0374519824982
0.0416030883789
0.0601580142975
0.0376551151276
0.0249199867249
0.0446839332581
0.158817052841
0.0253250598907
0.0318570137024
0.0255370140076
0.046000957489
0.0252859592438
0.0486750602722
0.024915933609
0.0456318855286
0.0253410339355
0.0521130561829
0.0259480476379
0.0324440002441
0.0333361625671
0.0337328910828
0.0340640544891
0.0343611240387
0.0337240695953
0.0335109233856
0.0334799289703
0.0504729747772
0.0401270389557
0.0419888496399
0.0555629730225
0.0390310287476
0.0254080295563
0.0375699996948
0.054799079895
0.044252872467
0.0396988391876
0.0255551338196
0.0547590255737
0.0380480289459
0.0381050109863
0.0268759727478
0.0472691059113
0.0256261825562
0.0460839271545
0.0578949451447
0.0547549724579
0.0254409313202
0.0340549945831
0.0333938598633
0.0334870815277
