111.900743
0.293825
0.156703
0.140293
0.148682
0.160756
0.193598
0.137963
0.141113
0.172968
0.140833
0.140036
0.215871
0.149399
0.14155
0.140777
0.134802
0.14366
0.153534
0.157194
0.148844
0.146938
0.143572
0.239402
0.141041
0.146099
0.13334
0.143135
0.156955
0.149696
0.160392
0.213119
0.141678
0.226028
0.141326
0.140959
0.142956
0.158166
0.143279
0.140895
0.139447
0.135329
0.137857
0.226674
0.139409
0.135586
0.138499
0.142482
0.159077
0.154408
0.143602
0.142067
0.226015
0.306798
0.208608
0.362872
0.138386
0.212466
0.145676
0.220612
0.14704
0.139937
0.234662
0.151418
0.161234
0.126159
0.149529
0.165752
0.147907
0.150416
0.137303
0.147184
0.146521
0.135909
0.136975
0.15846
0.157472
0.136479
0.137303
0.144899
0.149419
0.13831
0.146853
0.15594
0.151783
0.142615
0.142934
0.15607
0.152504
0.137199
0.140922
0.144127
0.148993
0.138578
0.142983
0.212695
0.155907
0.230832
0.139069
0.141609
0.140928
0.138526
0.136986
0.204159
0.154962
0.141619
0.144964
0.144351
0.142259
0.141103
0.155154
0.163752
0.139635
0.140454
0.219594
0.158828
0.161884
0.139807
0.141694
0.142518
0.169709
0.140405
0.142975
0.163856
0.145927
0.230838
0.155786
0.145618
0.14298
0.14508
0.145292
0.143577
0.143914
0.158811
0.137837
0.143565
0.142454
0.224499
0.159763
0.155815
0.139683
0.143967
0.144174
0.144829
0.142534
0.156207
0.213614
0.219103
0.368349
0.226642
0.357344
0.2325
0.140223
0.145484
0.140375
0.213503
0.138469
0.156866
0.146929
0.13727
0.142626
0.155815
0.158847
0.143338
0.14457
0.146775
0.165117
0.138119
0.144374
0.141128
0.154106
0.137382
0.21535
0.150805
0.136945
0.14152
0.140783
0.139637
0.144168
0.160797
0.214177
0.158716
0.139417
0.136703
0.142963
0.136449
0.135172
0.165563
0.221707
0.146581
0.140007
0.231947
0.162899
0.144691
0.141339
0.141896
0.161433
0.150174
0.141734
0.145255
0.14767
0.149857
0.14046
0.151652
0.14613
0.148146
0.148141
0.222101
0.146543
0.157627
0.140542
0.144156
0.149677
0.158346
0.165883
0.142681
0.146106
0.146672
0.161453
0.142033
0.143604
0.165014
0.158857
0.142274
0.221459
0.140273
0.151977
0.146804
0.158468
0.143164
0.148374
0.237826
0.142049
0.148072
0.145691
0.147915
0.158585
0.142734
0.1644
0.142328
0.148143
0.158009
0.23083
0.140964
0.143576
0.146404
0.148312
0.143909
0.147477
0.160123
0.167735
0.140938
0.141835
0.140568
0.156951
0.144417
0.136714
0.247508
0.143146
0.145013
0.156605
0.140141
0.169578
0.159698
0.154255
0.136495
0.147034
0.172179
0.153658
0.159054
0.142471
0.147611
0.178374
0.148386
0.165725
0.252678
0.165081
0.147227
0.140929
0.242541
0.144617
0.14624
0.154967
0.147034
0.143783
0.150899
0.157755
0.152971
0.146186
0.143217
0.150914
0.159844
0.242021
0.138784
0.112584
0.274818
0.252412
0.354045
0.323219
0.331108
0.306185
0.467915
0.178388
0.223419
0.232436
0.222628
0.163743
0.292829
0.143691
0.155884
0.240157
0.151196
0.140266
0.165882
0.142323
0.14145
0.141281
0.161971
0.170136
0.236338
0.162254
0.164437
0.140434
0.219124
0.155628
0.157064
0.147168
0.236752
0.165824
0.14734
0.141743
0.149306
0.161427
0.196181
0.135764
0.22119
0.147975
0.142934
0.161687
0.164626
0.156263
0.140807
0.14912
0.153439
0.235035
0.15423
0.146542
0.148827
0.148224
0.159733
0.162376
0.166951
0.160438
0.140967
0.151272
0.157114
0.150555
0.144897
0.163104
0.174283
0.159193
0.154573
0.140783
0.15899
0.163927
0.153309
0.141469
0.14394
0.161945
0.233133
0.161137
0.156191
0.142757
0.145497
0.155007
0.153115
0.146312
0.14486
0.150789
0.145662
0.144776
0.144788
0.158001
0.138442
0.143795
0.145208
0.273444
0.15203
0.12819
0.15988
0.167812
0.218149
0.179563
0.161743
0.180987
0.151993
0.158225
0.183353
0.181131
0.242767
0.148877
0.156966
0.154019
0.17143
0.167476
0.159996
0.149014
0.168028
0.189191
0.15393
0.156664
0.158977
0.158491
0.249138
0.166232
0.181671
0.173142
0.165517
0.257765
0.143581
0.21311
0.156558
0.15115
0.244262
0.163834
0.305795
0.094364
0.162919
0.225404
0.158212
0.14804
0.148208
0.158956
0.152216
0.244051
0.150997
0.143044
0.146657
0.143998
0.244138
0.157975
0.155637
0.146919
0.141299
0.253707
0.309869
0.293649
0.356741
0.141658
0.139608
0.229221
0.233729
0.249535
0.155004
0.287894
0.139365
0.222657
0.167644
0.152145
0.143946
0.161266
0.152426
0.142507
0.145469
0.217293
0.161015
0.141104
0.145085
0.135975
0.152815
0.166452
0.154983
0.153218
0.144154
0.143686
0.291231
0.151034
0.14717
0.140273
0.16566
0.149309
0.146248
0.14598
0.17578
0.143714
0.311077
0.166915
0.159437
0.141659
0.143841
0.149236
0.179022
0.255531
0.169936
0.177077
0.161476
0.170666
0.15475
0.140155
0.152387
0.14581
0.154774
0.159576
0.145893
0.154304
0.142749
0.13448
0.157698
0.152031
0.15669
0.237515
0.144761
0.126243
0.132772
0.129963
0.145756
0.1374
0.196601
0.129643
0.213537
0.212823
0.13363
0.146145
0.126872
0.140096
0.376915
0.20878
0.328581
0.201288
0.053573
0.166668
0.1453
0.139156
0.195215
0.130927
0.147159
0.167761
0.179254
0.127413
0.146604
0.194909
0.140501
0.122271
0.106929
0.129975
0.236864
0.108071
0.127137
0.242683
0.129123
0.17383
0.209564
0.135152
0.36962
0.338763
0.202969
0.129
0.121908
0.120801
0.460831
0.135493
0.214417
0.133385
0.129561
0.13734
0.134464
0.130959
0.12846
0.156134
0.136257
0.123745
0.115355
0.135173
0.154791
0.155479
0.133022
0.127328
0.129687
0.130753
0.376812
0.263639
0.284564
0.265152
0.264852
0.267494
0.29226
0.252534
0.116568
0.125297
0.116779
0.119546
0.11896
0.120635
0.205136
0.53979
0.305643
0.185277
0.129176
0.208999
0.412658
0.208348
0.137703
0.199255
0.140663
0.204387
0.132497
0.136621
0.150585
0.138166
0.137713
0.124401
0.134874
0.148593
0.138236
0.14328
0.135342
0.159352
0.254974
0.127093
0.146004
0.136908
0.147473
0.14493
0.130827
0.127891
0.132051
0.138249
0.12736
0.127635
0.123387
0.133937
0.134638
0.129825
0.125556
0.135624
0.152535
0.136162
0.130942
0.12456
0.143013
0.132358
0.120643
0.124816
0.142446
0.125202
0.129163
0.124907
0.165719
0.12538
0.127877
0.127585
0.202201
0.125215
0.123257
0.121795
0.1493
0.12713
0.123226
0.132754
0.139784
0.133168
0.12238
0.125639
0.133515
0.138349
0.121204
0.122172
0.129029
0.134255
0.135584
0.123223
0.15065
0.147928
0.119934
0.125058
0.131404
0.139726
0.136584
0.122825
0.125642
0.141564
0.125681
0.116918
0.107283
0.120793
0.116368
0.107139
0.108177
0.123565
0.131954
0.132943
0.131417
0.139329
0.128821
0.126502
0.125781
0.195478
0.121457
0.130984
0.131987
0.142226
0.124174
0.134927
0.126142
0.126988
0.135814
0.147314
0.151543
0.157674
0.184757
0.211697
0.231518
0.152809
0.158
0.153055
0.141963
0.146851
0.144518
0.156348
0.163565
0.141839
0.142901
0.145582
0.163156
0.142701
0.143976
0.219851
0.153618
0.151411
0.149319
0.140947
0.162986
0.139153
0.140491
0.146089
0.187123
0.151548
0.146272
0.161776
0.147304
0.14895
0.149555
0.14488
0.153151
0.230921
0.136729
0.158866
0.144768
0.142139
0.150512
0.172085
0.163128
0.154774
0.14269
0.145571
0.167778
0.146524
0.141947
0.140216
0.15797
0.166015
0.141355
0.237653
0.142721
0.142662
0.136839
0.140011
0.137083
0.1599
0.16334
0.159805
0.186079
0.143341
0.145428
0.160695
0.193073
0.144221
0.143837
0.151094
0.148781
0.292621
0.142851
0.143997
0.148292
0.142644
0.160706
0.173065
0.143934
0.141894
0.167752
0.165855
0.184797
0.161418
0.148512
0.142914
0.146947
0.163622
0.178073
0.265302
0.179853
0.169535
0.174354
0.184287
0.187588
0.148272
0.136568
0.157202
0.190977
0.208711
0.191029
0.173836
0.15815
0.160247
0.155646
0.161302
0.384802
0.211582
0.142782
0.12456
0.127708
0.13061
0.141168
0.13301
0.168429
0.151625
0.142448
0.163441
0.154345
0.253344
0.270322
0.308257
0.226759
0.147936
0.349482
0.219107
0.167302
0.136585
0.134325
0.144247
0.21795
0.142316
0.149691
0.157226
0.153531
0.151439
0.164401
0.170751
0.150059
0.153203
0.134179
0.121528
0.131626
0.151348
0.144131
0.144782
0.17115
0.152251
0.140465
0.142994
0.176526
0.152
0.159232
0.138236
0.143788
0.144881
0.167679
0.150498
0.141708
0.162743
0.146751
0.147554
0.141378
0.141839
0.150929
0.149626
0.143927
0.142823
0.173686
0.153393
0.148035
0.14347
0.169789
0.163271
0.152087
0.150933
0.140843
0.143936
0.160342
0.145058
0.194049
0.144196
0.136752
0.146455
0.174961
0.142683
0.148903
0.169014
0.145877
0.141089
0.14499
0.145573
0.144901
0.143845
0.152159
0.167079
0.140442
0.141879
0.143621
0.162602
0.194179
0.154767
0.14964
0.144791
0.151788
0.143875
0.147207
0.145263
0.15184
0.155352
0.153441
0.146209
0.151941
0.143652
0.152024
0.146582
0.148501
0.143231
0.145936
0.139804
0.143147
0.142265
0.146545
0.150963
0.144934
0.142514
0.159771
0.143653
0.143449
0.171307
0.14526
0.144151
0.155406
0.147797
0.144558
0.147947
0.234734
0.144435
0.144966
0.151826
0.157411
0.141124
0.144746
0.250026
0.138113
0.143702
0.140517
0.14186
0.152046
0.154384
0.303773
0.151362
0.160894
0.22185
0.14724
0.151144
0.134705
0.139692
0.146448
0.16195
0.146381
0.14829
0.16164
0.165472
0.285316
0.150198
0.14495
0.162027
0.150328
0.157123
0.144838
0.147259
0.148011
0.253965
0.148165
0.141724
0.149894
0.168339
0.169233
0.158575
0.159026
0.24983
0.149422
0.146859
0.159238
0.15634
0.236845
0.227891
0.157579
0.173608
0.152381
0.155058
0.140497
0.160512
0.248209
0.157074
0.149874
0.143223
0.153382
0.16757
0.153896
0.159558
0.14669
0.151075
0.152792
0.14711
0.147887
0.151293
0.243528
0.162551
0.159884
0.144054
0.14546
0.176406
0.160756
0.142826
0.146686
0.236363
0.154718
0.145894
0.163237
0.156197
0.154309
0.145517
0.146802
0.16807
0.174882
0.227579
0.141398
0.148564
0.144456
0.15118
0.162441
0.159709
0.145627
0.148291
0.147238
0.25669
0.148561
0.151581
0.146581
0.151286
0.170739
0.16561
0.16366
0.13846
0.14751
0.232403
0.165473
0.143542
0.129809
0.137717
0.15728
0.165532
0.145215
0.146493
0.144546
0.230897
0.154524
0.149023
0.139007
0.146055
0.143052
0.135583
0.143422
0.151159
0.143289
0.249324
0.157512
0.13651
0.140893
0.136229
0.155941
0.154034
0.138219
0.14697
0.136034
0.237051
0.144163
0.143435
0.156504
0.158008
0.146573
0.14352
0.149236
0.181005
0.134533
0.287281
0.30314
0.346731
0.245255
0.440855
0.229755
0.222274
0.297046
0.234113
0.143466
0.232089
0.145654
0.168975
0.45597
0.152738
0.139431
0.15774
0.141819
0.142121
0.140173
0.138884
0.139091
0.142661
0.221767
0.14726
0.149197
0.145788
0.161591
0.15389
0.224982
0.162708
0.143891
0.15613
0.141413
0.153852
0.1393
0.148924
0.152357
0.149015
0.139802
0.1419
0.151025
0.143694
0.144336
0.147331
0.149209
0.141188
0.231411
0.146361
0.146277
0.159541
0.139374
0.135782
0.142649
0.165169
0.155585
0.158961
0.14092
0.148047
0.148023
0.150776
0.142899
0.142323
0.173526
0.155149
0.140978
0.14287
0.150355
0.147525
0.146212
0.145218
0.143899
0.14775
0.142184
0.144829
0.164869
0.149932
0.138789
0.135758
0.279971
0.141367
0.142179
0.149476
0.148547
0.151767
0.145322
0.141903
0.142182
0.150625
0.145907
0.243855
0.137062
0.140395
0.164367
0.163331
0.154726
0.143358
0.134636
0.165263
0.142742
0.144286
0.227663
0.159005
0.144067
0.16217
0.14972
0.233461
0.147952
0.149258
0.143876
0.160952
0.223945
0.153224
0.150396
0.148657
0.142137
0.144965
0.159238
0.169503
0.139882
0.142209
0.146246
0.234516
0.136576
0.148962
0.150805
0.161112
0.23011
0.302308
0.222449
0.389494
0.146498
0.145241
0.144094
0.146717
0.235424
0.139736
0.144634
0.144588
0.156586
0.141538
0.142407
0.144953
0.158219
0.152893
0.148229
0.153171
0.159994
0.146816
0.145578
0.145812
0.173057
0.148954
0.14377
0.144439
0.166484
0.160522
0.141878
0.143575
0.148586
0.294019
0.141453
0.154781
0.159935
0.235454
0.134238
0.148858
0.139587
0.161806
0.142674
0.147781
0.148557
0.14464
0.150227
0.156633
0.219931
0.143646
0.152569
0.154577
0.149265
0.166045
0.147786
0.146863
0.144146
0.141182
0.145904
0.244396
0.15083
0.148999
0.14725
0.14656
0.158326
0.155499
0.144462
0.149324
0.152165
0.142989
0.240055
0.144917
0.145411
0.156897
0.161632
0.152347
0.137046
0.154473
0.166364
0.171062
0.14231
0.145384
0.229837
0.143797
0.157833
0.157748
0.160912
0.2238
0.306639
0.169025
0.144011
0.290974
0.172933
0.203849
0.142744
0.144174
0.155847
0.158278
0.137749
0.145058
0.185298
0.160305
0.147554
0.145435
0.237344
0.154788
0.144639
0.165562
0.147068
0.145779
0.143419
0.148164
0.156401
0.146719
0.144765
0.144526
0.151015
0.14915
0.1475
0.146805
0.154715
0.247747
0.224303
0.222141
0.22097
0.240158
0.366584
0.208992
0.22019
0.232748
0.220724
0.224874
0.235111
0.215964
0.247317
0.219074
0.24785
0.247755
0.229636
0.256374
0.226362
0.219629
0.248944
0.22266
0.267795
0.251883
0.219548
0.238451
0.247277
0.253663
0.337653
0.211974
0.246025
0.236085
0.223893
0.240262
0.221955
0.222907
0.254457
0.341538
0.33851
0.210218
0.234386
0.240351
0.230655
0.25275
0.227123
0.27879
0.222547
0.22129
0.240977
0.345133
0.226291
0.217187
0.269366
0.234668
0.235806
0.225144
0.358656
0.325286
0.344325
0.203577
0.217637
0.236423
0.23551
0.230682
0.350085
0.220032
0.242571
0.234799
0.238335
0.23505
0.230026
0.230896
0.230901
0.248751
0.252926
0.222656
0.265617
0.221505
0.241568
0.225161
0.235511
0.230168
0.233835
0.2398
0.373729
0.267074
0.221782
0.225424
0.235726
0.230078
0.147731
0.140941
0.231034
0.144393
0.157155
0.140546
0.141845
0.158173
0.152512
0.146714
0.232548
0.155862
0.140287
0.15625
0.156214
0.151768
0.139438
0.228264
0.159396
0.149734
0.151807
0.140198
0.156397
0.143053
0.143149
0.21821
0.147258
0.143373
0.162633
0.159616
0.235345
0.253528
0.300779
0.15146
0.143449
0.15745
0.145571
0.141225
0.22085
0.151826
0.150478
0.162277
0.159772
0.154669
0.148292
0.214599
0.138368
0.155711
0.159842
0.469817
0.285822
0.452735
0.231211
0.223274
0.434975
0.226433
0.148357
0.224267
0.143755
0.145119
0.15069
0.151922
0.154794
0.213564
0.158655
0.144146
0.145774
0.140732
0.146965
0.15142
0.158529
0.155399
0.144018
0.129222
0.158032
0.247847
0.158668
0.144315
0.142836
0.348718
0.146635
0.292259
0.2366
0.146909
0.147623
0.151884
0.155779
0.145887
0.156481
0.155911
0.146338
0.143093
0.14931
0.158164
0.158752
0.145917
0.143646
0.163278
0.155896
0.242081
0.141437
0.145482
0.152263
0.143279
0.223898
0.153801
0.142563
0.163808
0.144016
0.147878
0.140783
0.161078
0.159803
0.138773
0.141037
0.144511
0.137673
0.139646
0.161646
0.145058
0.14558
0.161221
0.156175
0.217436
0.136592
0.144547
0.153047
0.14206
0.14303
0.149241
0.181507
0.154566
0.144237
0.145116
0.149889
0.150254
0.136716
0.145894
0.150432
0.145235
0.226255
0.143255
0.14093
0.146305
0.165046
0.161646
0.149479
0.145553
0.163749
0.145235
0.155752
0.141917
0.147699
0.143196
0.162059
0.207568
0.236374
0.14339
0.143523
0.148078
0.150932
0.148536
0.145512
0.164813
0.16558
0.157526
0.14552
0.225926
0.217807
0.146111
0.153115
0.247414
0.502558
0.244974
0.260711
0.261471
0.210643
0.151459
0.169935
0.152984
0.206211
0.149096
0.15935
0.164537
0.157968
0.145349
0.147086
0.175992
0.158843
0.15637
0.147551
0.149166
0.151262
0.159369
0.161624
0.153089
0.146448
0.148545
0.165083
0.163541
0.149575
0.147146
0.151694
0.16452
0.155896
0.170092
0.147448
0.146697
0.163385
0.154974
0.154881
0.146495
0.146648
0.155034
0.175522
0.148718
0.154674
0.148521
0.16202
0.171832
0.157579
0.165637
0.160387
0.14664
0.155773
0.196601
0.15599
0.160096
0.264159
0.142962
0.295693
0.286405
0.151661
0.162458
0.145068
0.149171
0.159001
0.165118
0.152661
0.235032
0.15613
0.148817
0.147757
0.151507
0.155058
0.147342
0.231253
0.236225
0.151476
0.146458
0.163624
0.144709
0.139344
0.163727
0.148282
0.274236
0.196752
0.171547
0.159133
0.149616
0.158569
0.157025
0.163945
0.238011
0.356269
0.490007
0.365365
0.415708
0.348439
0.245205
0.215172
0.241477
0.36943
0.175275
0.211071
0.24429
0.221025
0.224889
0.236477
0.336694
0.263413
0.240997
0.241933
0.264074
0.381831
0.253532
0.407215
0.186799
0.21344
0.167864
0.15909
0.234704
0.307882
0.166206
0.173326
0.248128
0.247542
0.301401
0.187516
0.188833
0.253572
0.1758
0.242466
0.355285
0.198536
0.189082
0.22504
0.215996
0.220789
0.212621
0.214835
0.219512
0.21503
0.246646
0.206045
0.246366
0.410152
0.238064
0.222613
0.223388
0.233385
0.244184
0.250101
0.224969
0.262228
0.249947
0.249458
0.231787
0.265202
0.229412
0.239024
0.230038
0.224969
0.226768
0.386742
0.218944
0.246211
0.226189
0.261812
0.244768
0.239089
0.241213
0.148272
0.141073
0.155084
0.144212
0.152819
0.146232
0.157635
0.156874
0.143454
0.145755
0.23281
0.143105
0.15515
0.161592
0.160556
0.143293
0.143189
0.147742
0.147389
0.148122
0.141179
0.154309
0.149085
0.150264
0.147306
0.147427
0.15298
0.164592
0.232225
0.144641
0.152276
0.145818
0.149827
0.162369
0.161324
0.144921
0.148038
0.142716
0.171403
0.142455
0.142689
0.148085
0.152816
0.163493
0.135359
0.172416
0.14889
0.221676
0.154289
0.171574
0.149537
0.137741
0.147768
0.155958
0.145801
0.153249
0.219895
0.154721
0.160003
0.14333
0.155351
0.151553
0.192457
0.160842
0.141395
0.147312
0.251262
0.138011
0.155842
0.149449
0.141815
0.147152
0.151903
0.148742
0.144554
0.14558
0.151169
0.154622
0.181912
0.145313
0.149279
0.147097
0.14941
0.146659
0.220032
0.157682
0.143135
0.134032
0.142548
0.160645
0.174403
0.152144
0.146135
0.144191
0.162511
0.169448
0.147472
0.144953
0.172775
0.163502
0.1584
0.241572
0.14703
0.220265
0.307963
0.387216
0.22602
0.46816
0.141872
0.148403
0.148497
0.314065
0.147201
0.159477
0.153918
0.145842
0.443908
0.168512
0.147195
0.150141
0.142244
0.152621
0.145867
0.151103
0.153989
0.157524
0.141516
0.146215
0.165673
0.147724
0.14716
0.144805
0.15468
0.1469
0.156869
0.144762
0.173549
0.153078
0.14348
0.159251
0.153618
0.144982
0.165122
0.161765
0.27348
0.134078
0.168588
0.159649
0.16532
0.155153
0.151328
0.1438
0.168954
0.152232
0.146914
0.141902
0.147389
0.159165
0.203039
0.140756
0.147078
0.252245
0.161863
0.165058
0.142142
0.143024
0.158826
0.153038
0.141266
0.143569
0.162012
0.169353
0.151496
0.144654
0.162776
0.155584
0.151705
0.20462
0.154276
0.144209
0.179242
0.157524
0.150311
0.143653
0.149234
0.181963
0.161936
0.151703
0.145292
0.144315
0.1602
0.251601
0.132117
0.133158
0.124265
0.254738
0.158619
0.143892
0.146869
0.161744
0.16104
0.142489
0.142626
0.148519
0.266208
0.13782
0.127494
0.13403
0.134001
0.138024
0.147301
0.173092
0.167301
0.145581
0.146972
0.149657
0.15099
0.153969
0.4242
0.216504
0.251521
0.141555
0.148676
0.150079
0.148383
0.144749
0.149181
0.149385
0.142346
0.151443
0.463753
0.151723
0.14781
0.136114
0.149903
0.146532
0.149072
0.149442
0.148512
0.147205
0.14571
0.164755
0.146871
0.288126
0.128377
0.134328
0.144723
0.151844
0.147435
0.161121
0.231451
0.157359
0.167814
0.163476
0.261452
0.123651
0.119961
0.229271
0.149337
0.145725
0.146747
0.148684
0.149325
0.156817
0.237596
0.143284
0.145278
0.439482
0.150884
0.150026
0.142514
0.251948
0.165498
0.165325
0.144539
0.149233
0.157615
0.148519
0.225585
0.128602
0.220795
0.30771
0.249906
0.373101
0.150953
0.157439
0.147454
0.153235
0.651608
0.227798
0.140874
0.22889
0.142651
0.149211
0.14751
0.159275
0.148074
0.144533
0.152959
0.154638
0.210959
0.140152
0.172483
0.113295
0.202274
0.149313
0.143909
0.153151
0.173299
0.166264
0.215264
0.144345
0.153507
0.125935
0.118934
0.109757
0.115006
0.108852
0.121352
0.228046
0.155939
0.15421
0.137016
0.142996
0.139828
0.135051
0.140936
0.143198
0.158606
0.236023
0.317392
0.224835
0.237051
0.15327
0.145866
0.147312
0.145141
0.146747
0.214617
0.403549
0.199955
0.163784
0.2638
0.177362
0.158999
0.137866
0.232566
0.141563
0.162806
0.181327
0.233573
0.21661
0.220999
0.23915
0.204607
0.334255
0.216252
0.21584
0.242679
0.427819
0.499526
0.312319
0.535399
0.219003
0.20516
0.325764
0.2168
0.22632
0.25209
0.241285
0.274114
0.251816
0.234265
0.336715
0.431397
0.21738
0.231404
0.271315
0.227908
0.237982
0.238577
0.220708
0.221641
0.227204
0.225947
0.218501
0.222441
0.228033
0.234788
0.223558
0.226831
0.223254
0.225595
0.227404
0.23489
0.241993
0.237717
0.239524
0.247791
0.225539
0.228416
0.240924
0.239925
0.227671
0.227814
0.226399
0.244555
0.224504
0.341303
0.2248
0.23014
0.222008
0.21644
0.210566
0.205493
0.205747
0.21066
0.328202
0.203834
0.20717
0.220827
0.181354
0.166653
0.241039
0.206262
0.334525
0.237498
0.2248
0.210647
0.210003
0.241791
0.217252
0.210949
0.211997
0.349926
0.213667
0.225069
0.225009
0.209545
0.21064
0.232913
0.221244
0.324255
0.148586
0.135275
0.146469
0.137174
0.136119
0.138348
0.14532
0.223422
0.138502
0.132908
0.145944
0.150771
0.148762
0.144515
0.144616
0.146304
0.298697
0.296739
0.456975
0.233668
0.225025
0.363626
0.143142
0.225121
0.15098
0.152625
0.1363
0.211797
0.143631
0.159699
0.139767
0.134733
0.137871
0.140584
0.141917
0.138599
0.15243
0.144513
0.14264
0.135297
0.151967
0.148756
0.143203
0.137419
0.215015
0.140872
0.153167
0.138177
0.12481
0.149799
0.154291
0.136246
0.136729
0.135718
0.134161
0.132799
0.14754
0.143612
0.135171
0.14592
0.147601
0.136734
0.132714
0.138783
0.142686
0.132849
0.135392
0.216303
0.142439
0.138772
0.160191
0.139274
0.133201
0.136487
0.138275
0.227075
0.150463
0.142145
0.140951
0.137178
0.136972
0.133643
0.138952
0.144425
0.132759
0.292308
0.150331
0.209676
0.136825
0.142321
0.151453
0.138546
0.140849
0.154
0.143713
0.132683
0.136678
0.135744
0.151228
0.137708
0.156878
0.15431
0.146382
0.215724
0.14925
0.14919
0.14276
0.142108
0.153022
0.158639
0.142389
0.14017
0.143823
0.147849
0.256332
0.153155
0.136295
0.161732
0.14449
0.136976
0.137806
0.154083
0.137328
0.137763
0.138038
0.241169
0.150616
0.14171
0.138665
0.143044
0.159578
0.156429
0.151329
0.221611
0.213359
0.14531
0.136284
0.152445
0.146863
0.135172
0.152382
0.156643
0.210967
0.153765
0.137075
0.144505
0.139558
0.142811
0.137338
0.13594
0.15332
0.134326
0.137191
0.163732
0.147897
0.139457
0.138814
0.16262
0.160032
0.135723
0.138503
0.140908
0.149355
0.229105
0.151198
0.156475
0.160624
0.137797
0.145949
0.163391
0.145454
0.154552
0.145894
0.211688
0.144717
0.142127
0.144726
0.14512
0.147012
0.154487
0.158158
0.147715
0.216652
0.147129
0.16226
0.157966
0.137728
0.140498
0.142907
0.156907
0.23481
0.307699
0.145753
0.147108
0.136656
0.141927
0.144435
0.133676
0.289425
0.153053
0.139801
0.139548
0.158972
0.145391
0.132981
0.142419
0.142349
0.139841
0.142667
0.14009
0.151343
0.141616
0.142841
0.154979
0.137895
0.143971
0.13695
0.224479
0.156742
0.137838
0.141877
0.145951
0.142387
0.140793
0.164361
0.145801
0.139869
0.138959
0.143925
0.147049
0.144132
0.136221
0.141298
0.140893
0.234717
0.145242
0.141823
0.160688
0.145174
0.143664
0.1385
0.154671
0.144252
0.139294
0.16119
0.150987
0.150116
0.143827
0.143797
0.16229
0.150275
0.134376
0.144314
0.223949
0.146353
0.16267
0.155525
0.143309
0.141807
0.146155
0.15465
0.148645
0.145063
0.146461
0.15568
0.143294
0.145351
0.15526
0.148613
0.142738
0.141147
0.216125
0.147934
0.156432
0.150053
0.145061
0.144106
0.151376
0.142587
0.141854
0.141347
0.163168
0.160545
0.145877
0.223908
0.152795
0.152536
0.161262
0.155184
0.141283
0.163084
0.140895
0.152579
0.149705
0.147466
0.161202
0.161304
0.154746
0.145728
0.14341
0.145692
0.157079
0.143766
0.219617
0.148983
0.14638
0.145354
0.160787
0.155856
0.147535
0.134534
0.145633
0.141032
0.145555
0.145432
0.161749
0.157482
0.145498
0.145822
0.145291
0.232108
0.234728
0.318417
0.379392
0.149399
0.147796
0.373559
0.149078
0.143425
0.16826
0.161769
0.148301
0.14441
0.148088
0.159679
0.162216
0.146355
0.14667
0.149205
0.148621
0.143371
0.152086
0.164173
0.162303
0.152452
0.144781
0.145306
0.14589
0.148161
0.171567
0.159756
0.145391
0.223831
0.165342
0.164138
0.153157
0.142139
0.144113
0.156944
0.146843
0.146746
0.144904
0.159508
0.161669
0.144375
0.138227
0.142044
0.161831
0.145539
0.142022
0.14894
0.16249
0.158151
0.146642
0.14397
0.145466
0.147811
0.143044
0.149521
0.155484
0.149406
0.14315
0.144634
0.146842
0.157415
0.143492
0.145781
0.144681
0.190587
0.220375
0.219737
0.225442
0.227762
0.221547
0.21583
0.242058
0.223558
0.233192
0.219816
0.200306
0.223667
0.214535
0.223901
0.224136
0.223439
0.219572
0.241628
0.215802
0.219865
0.217625
0.224994
0.251831
0.215332
0.228514
0.228616
0.234586
0.246619
0.232514
0.222332
0.210722
0.242739
0.218523
0.219955
0.23345
0.256856
0.323889
0.221749
0.243469
0.24074
0.219446
0.226645
0.21864
0.245141
0.219112
0.226216
0.2131
0.232519
0.243253
0.217671
0.252674
0.232669
0.225847
0.224219
0.22237
0.226493
0.446396
0.222099
0.215719
0.224625
0.218344
0.226493
0.253177
0.24685
0.221797
0.221363
0.234803
0.247019
0.223535
0.306034
0.22511
0.254214
0.218472
0.22749
0.366281
0.22495
0.220804
0.2196
0.220436
0.244176
0.223343
0.253316
0.217089
0.218851
0.220762
0.221174
0.217625
0.232268
0.222122
0.236894
0.230559
0.252159
0.342408
0.240562
0.219241
0.229582
0.220047
0.247984
0.221309
0.215251
0.220303
0.215652
0.21758
0.233979
0.243194
0.219239
0.218805
0.215793
0.228888
0.344167
0.24156
0.222644
0.218708
0.218439
0.215796
0.27836
0.24754
0.237321
0.215506
0.152048
0.15164
0.137881
0.147611
0.142006
0.14757
0.146103
0.144688
0.221278
0.163261
0.137874
0.14591
0.148781
0.154098
0.149866
0.139444
0.1543
0.14554
0.167105
0.143854
0.142435
0.142163
0.146463
0.142318
0.148752
0.237785
0.157855
0.148034
0.146399
0.143804
0.14267
0.140407
0.145602
0.153964
0.138821
0.148239
0.14107
0.141955
0.160918
0.150217
0.137575
0.217934
0.144153
0.222677
0.150834
0.136612
0.139541
0.142353
0.162802
0.157123
0.139146
0.136484
0.160319
0.157438
0.138052
0.140528
0.143058
0.136627
0.156495
0.145846
0.15601
0.238976
0.221476
0.148408
0.140102
0.143238
0.140796
0.148285
0.14599
0.143516
0.144097
0.148419
0.146882
0.141845
0.161159
0.14982
0.238979
0.192193
0.138249
0.147485
0.171878
0.142053
0.136834
0.142807
0.142276
0.15575
0.143062
0.136057
0.155895
0.162479
0.140816
0.138488
0.156431
0.22559
0.145873
0.136586
0.143005
0.192833
0.140537
0.148665
0.1404
0.135326
0.144099
0.146676
0.14252
0.148555
0.14302
0.137906
0.13801
0.158796
0.140518
0.138013
0.213262
0.151505
0.140623
0.149518
0.138567
0.141572
0.151673
0.157794
0.138879
0.143323
0.172874
0.153054
0.147035
0.139167
0.14763
0.139618
0.219295
0.155593
0.222253
0.141868
0.146151
0.157102
0.153446
0.140255
0.145012
0.168637
0.156631
0.140592
0.139502
0.145316
0.139506
0.139479
0.14287
0.155062
0.147811
0.140482
0.211533
0.146456
0.159916
0.140811
0.140807
0.140735
0.163497
0.155842
0.156549
0.179724
0.150255
0.144308
0.148295
0.147802
0.145972
0.154336
0.145672
0.221555
0.158459
0.150876
0.144835
0.144606
0.153633
0.144513
0.146416
0.163453
0.161416
0.142821
0.144153
0.134414
0.161503
0.1556
0.1429
0.224147
0.150855
0.162388
0.160487
0.149847
0.151252
0.143797
0.239332
0.315008
0.381358
0.514789
0.279266
0.518708
0.223707
0.22646
0.29745
0.16169
0.228702
0.521411
0.159448
0.14799
0.145593
0.241282
0.150243
0.136139
0.144889
0.145833
0.22499
0.154586
0.14638
0.146482
0.144163
0.159718
0.152272
0.149746
0.326416
0.150564
0.155171
0.14865
0.143119
0.163219
0.150549
0.147322
0.146326
0.145464
0.145812
0.152324
0.145629
0.145584
0.155522
0.155968
0.143992
0.14608
0.157993
0.142417
0.143525
0.144723
0.164497
0.163436
0.157411
0.145013
0.152624
0.149205
0.150595
0.143569
0.152913
0.1548
0.15906
0.141751
0.229608
0.147046
0.144049
0.161552
0.153248
0.142424
0.143488
0.142444
0.159882
0.158217
0.142359
0.14617
0.144099
0.143875
0.139067
0.144992
0.145672
0.155
0.145145
0.139532
0.1444
0.139656
0.142836
0.152061
0.156633
0.162998
0.156791
0.150696
0.147664
0.145259
0.151486
0.147577
0.147613
0.15023
0.141084
0.143359
0.146234
0.149633
0.152526
0.155923
0.147691
0.146735
0.145711
0.155343
0.149582
0.147718
0.162656
0.165323
0.152025
0.142967
0.145768
0.296996
0.154867
0.139358
0.200828
0.218964
0.21976
0.23377
0.216137
0.231929
0.22143
0.249872
0.215831
0.215311
0.220893
0.24049
0.208603
0.226332
0.35225
0.244868
0.218826
0.225887
0.225116
0.230847
0.235492
0.337582
0.220777
0.217915
0.240494
0.221755
0.218774
0.24051
0.24382
0.226104
0.216742
0.216272
0.335443
0.230474
0.248974
0.261789
0.226784
0.231875
0.230215
0.219948
0.240228
0.231955
0.219003
0.223829
0.243991
0.238119
0.230676
0.21989
0.210272
0.246636
0.22591
0.214276
0.245487
0.226628
0.224123
0.229057
0.222205
0.232878
0.230452
0.219674
0.260182
0.229115
0.210969
0.229089
0.234857
0.218801
0.219295
0.226195
0.230935
0.224533
0.23233
0.218217
0.210814
0.217566
0.224858
0.227186
0.214492
0.217206
0.214201
0.213298
0.220898
0.231669
0.219129
0.217142
0.22787
0.219056
0.218823
0.229859
0.221824
0.239987
0.217705
0.22003
0.222686
0.239698
0.232443
0.215341
0.217786
0.261306
0.153542
0.153103
0.137721
0.150286
0.150247
0.149815
0.145627
0.140384
0.149114
0.148779
0.149532
0.137489
0.14939
0.148345
0.145002
0.140119
0.150213
0.147118
0.145889
0.135636
0.15083
0.155157
0.148677
0.143127
0.146821
0.153977
0.139568
0.137444
0.140233
0.153926
0.145281
0.13976
0.151282
0.149458
0.161493
0.137061
0.13755
0.241992
0.148373
0.140741
0.22106
0.149112
0.155097
0.236667
0.14854
0.140098
0.21031
0.145148
0.145685
0.150506
0.231217
0.146028
0.230737
0.376751
0.223456
0.242405
0.466975
0.151613
0.139619
0.139923
0.154383
0.139867
0.138311
0.152532
0.144614
0.149003
0.23413
0.235521
0.143251
0.23723
0.156028
0.334993
0.229039
0.23266
0.221295
0.309887
0.152022
0.159461
0.145013
0.214619
0.17083
0.153376
0.14561
0.139366
0.153401
0.153193
0.145921
0.136149
0.149865
0.151657
0.151647
0.144276
0.148913
0.157352
0.144694
0.137501
0.147975
0.224012
0.161485
0.152544
0.139569
0.137958
0.157841
0.152906
0.145761
0.147029
0.160467
0.142679
0.15108
0.137884
0.220903
0.146629
0.143621
0.159023
0.144491
0.142466
0.140616
0.151446
0.14443
0.140229
0.161352
0.148302
0.142067
0.143639
0.154681
0.140337
0.141072
0.154371
0.22209
0.146094
0.150732
0.145386
0.145817
0.139714
0.156794
0.147028
0.138899
0.148148
0.143722
0.152452
0.138865
0.145504
0.142644
0.159497
0.138406
0.147048
0.22946
0.151396
0.165257
0.149655
0.222071
0.330941
0.154614
0.305545
0.154082
0.165011
0.130585
0.14415
0.158719
0.163972
0.153826
0.144588
0.145644
0.145304
0.153356
0.187166
0.146204
0.145255
0.146158
0.152416
0.166252
0.139441
0.144852
0.151925
0.155413
0.15218
0.143913
0.170552
0.171618
0.157385
0.142934
0.144675
0.165326
0.150929
0.141386
0.143516
0.143713
0.157144
0.168407
0.167947
0.170942
0.142914
0.15371
0.14054
0.149081
0.141383
0.14505
0.165574
0.232426
0.150992
0.157613
0.146649
0.14547
0.142136
0.147434
0.234751
0.160019
0.148044
0.157439
0.222176
0.147291
0.148125
0.157358
0.142805
0.147422
0.165799
0.148056
0.144176
0.141998
0.162478
0.157933
0.223002
0.155765
0.176668
0.169932
0.145611
0.166876
0.147622
0.22919
0.150478
0.155009
0.164666
0.137239
0.251614
0.163771
0.22917
0.147788
0.162612
0.147069
0.139211
0.135521
0.163051
0.141727
0.153441
0.154961
0.232858
0.151155
0.230028
0.16703
0.234867
0.153956
0.16622
0.143243
0.148162
0.237018
0.181597
0.147871
0.13878
0.147149
0.152513
0.15948
0.147516
0.143679
0.166658
0.148203
0.2386
0.154072
0.145651
0.14241
0.145514
0.155302
0.146018
0.14719
0.144154
0.149802
0.329963
0.150197
0.147381
0.170217
0.145463
0.157724
0.150596
0.182019
0.144826
0.167
0.244961
0.149182
0.145025
0.144925
0.166432
0.154175
0.14367
0.144675
0.14402
0.169864
0.231294
0.151855
0.17792
0.147266
0.153468
0.148725
0.16966
0.145186
0.163658
0.150467
0.251165
0.150599
0.150194
0.144963
0.145097
0.14887
0.165661
0.156469
0.22037
0.145078
0.224081
0.1746
0.148952
0.169995
0.155108
0.162174
0.149
0.150922
0.14476
0.232175
0.164825
0.1562
0.249328
0.304103
0.377067
0.258103
0.507043
0.219191
0.360946
0.253757
0.398825
0.21724
0.220822
0.239029
0.22106
0.50667
0.382017
0.228994
0.238005
0.246989
0.226558
0.250213
0.243123
0.219813
0.247019
0.219804
0.273202
0.217064
0.217095
0.265423
0.226142
0.274789
0.224405
0.223441
0.223488
0.218124
0.225452
0.221456
0.215178
0.26426
0.226916
0.230569
0.235201
0.222256
0.246638
0.236986
0.23842
0.221024
0.221347
0.235208
0.224094
0.253889
0.258404
0.217669
0.250408
0.220837
0.245308
0.219271
0.220606
0.228992
0.220435
0.245591
0.214887
0.325944
0.217983
0.236918
0.245523
0.223094
0.236411
0.250618
0.229482
0.251172
0.233479
0.229334
0.228216
0.220754
0.233066
0.224683
0.237761
0.246789
0.222584
0.237345
0.216058
0.229391
0.339133
0.21644
0.230084
0.236961
0.228776
0.217881
0.232393
0.217284
0.224908
0.233652
0.357416
0.233643
0.23575
0.243116
0.218369
0.259498
0.232789
0.225185
0.254832
0.35385
0.233683
0.22207
0.214058
0.218625
0.216329
0.236821
0.230798
0.215157
0.210051
0.333925
0.236009
0.235111
0.232346
0.216955
0.211772
0.243988
0.215768
0.215462
0.187922
0.215539
0.146314
0.15486
0.147439
0.13894
0.142408
0.151645
0.161054
0.139184
0.21606
0.157394
0.139211
0.151245
0.149539
0.152276
0.142685
0.151555
0.146325
0.153944
0.22739
0.145069
0.139899
0.168876
0.229151
0.304277
0.232027
0.378336
0.145659
0.223667
0.15862
0.155115
0.163401
0.139632
0.151628
0.403562
0.149529
0.143643
0.161175
0.159273
0.153706
0.14021
0.152167
0.160747
0.15562
0.138191
0.146408
0.167509
0.139816
0.220444
0.14597
0.160108
0.143523
0.155073
0.136393
0.15806
0.146662
0.158824
0.156843
0.168094
0.141646
0.141604
0.146072
0.146957
0.13989
0.157337
0.152929
0.15161
0.140901
0.14401
0.156119
0.147884
0.139472
0.143923
0.164278
0.155551
0.147916
0.141505
0.163374
0.165585
0.153923
0.14345
0.146743
0.165515
0.16798
0.15886
0.22223
0.150205
0.15462
0.153934
0.137587
0.165499
0.160524
0.152785
0.238063
0.143407
0.142488
0.144037
0.155085
0.1499
0.138922
0.21539
0.157304
0.156058
0.305389
0.154648
0.140866
0.143796
0.218927
0.150358
0.138575
0.148484
0.156256
0.136717
0.13671
0.218556
0.160895
0.252717
0.166239
0.138616
0.135005
0.159408
0.228938
0.221711
0.299487
0.21805
0.400068
0.159261
0.14205
0.233677
0.171938
0.143827
0.140279
0.23075
0.300059
0.159776
0.140719
0.148409
0.145543
0.141696
0.151958
0.170895
0.146498
0.160867
0.160719
0.189848
0.141041
0.141722
0.144909
0.158681
0.149228
0.141806
0.146793
0.144012
0.142105
0.137808
0.142668
0.153043
0.140321
0.143807
0.261083
0.165004
0.218706
0.16791
0.232367
0.148492
0.142411
0.158831
0.22499
0.230553
0.240555
0.147403
0.145692
0.144957
0.146164
0.293779
0.164939
0.186226
0.21758
0.14622
0.164542
0.160386
0.147968
0.143555
0.142621
0.164014
0.140081
0.24992
0.156497
0.163465
0.141082
0.155749
0.160211
0.15885
0.147328
0.148742
0.22765
0.147151
0.147659
0.159746
0.148832
0.141137
0.1515
0.169995
0.159329
0.231066
0.157568
0.143685
0.144862
0.158799
0.152631
0.145508
0.143971
0.302617
0.325226
0.162581
0.136479
0.314464
0.148358
0.14529
0.157509
0.233141
0.154812
0.156341
0.165366
0.152825
0.155293
0.144345
0.141956
0.159663
0.161868
0.153679
0.140804
0.142535
0.16014
0.14213
0.145265
0.141154
0.152046
0.153287
0.15087
0.142081
0.158277
0.141879
0.146711
0.141769
0.142656
0.143833
0.222637
0.166297
0.14366
0.165048
0.145077
0.15124
0.14255
0.153887
0.145467
0.161642
0.155644
0.155728
0.148252
0.164149
0.142588
0.149437
0.225598
0.143328
0.145585
0.17231
0.153997
0.143625
0.146911
0.174909
0.147105
0.138856
0.141704
0.166001
0.14697
0.144417
0.142083
0.169896
0.160912
0.155822
0.224401
0.144896
0.147479
0.142871
0.161349
0.155061
0.145313
0.145018
0.160846
0.153691
0.140727
0.138259
0.158842
0.191642
0.147375
0.140568
0.142162
0.175211
0.14716
0.234333
0.178927
0.156831
0.14594
0.14643
0.167675
0.15078
0.142735
0.142762
0.152129
0.137941
0.141632
0.142059
0.154909
0.145503
0.149231
0.144603
0.14758
0.244815
0.151935
0.144757
0.169975
0.161917
0.148444
0.143953
0.152776
0.141052
0.142282
0.143074
0.173521
0.145956
0.14619
0.141759
0.158323
0.170093
0.165121
0.142107
0.229119
0.140359
0.145585
0.145034
0.167925
0.14331
0.144957
0.144323
0.16462
0.142268
0.218516
0.341083
0.234265
0.451849
0.249884
0.249127
0.217053
0.336813
0.223317
0.219525
0.226216
0.214584
0.216008
0.23647
0.218933
0.22779
0.219271
0.568884
0.228947
0.221737
0.23318
0.228457
0.258893
0.214339
0.214803
0.212503
0.225349
0.266861
0.22607
0.22433
0.234026
0.232035
0.2492
0.218631
0.255222
0.209173
0.220298
0.24169
0.228416
0.270507
0.233665
0.215689
0.25839
0.216933
0.265517
0.261781
0.231083
0.21758
0.249529
0.230643
0.230554
0.259739
0.217823
0.217822
0.223664
0.236174
0.23235
0.233855
0.247951
0.219668
0.232006
0.263267
0.215371
0.219444
0.226974
0.237499
0.22406
0.215378
0.216788
0.223803
0.214118
0.28711
0.217838
0.221192
0.212824
0.221177
0.255048
0.232477
0.224938
0.229314
0.239026
0.216062
0.242933
0.242561
0.202828
0.223642
0.247843
0.233027
0.227044
0.215025
0.228856
0.227226
0.222092
0.217693
0.238174
0.169491
0.142371
0.154087
0.138645
0.149117
0.231029
0.157042
0.144933
0.15095
0.166283
0.144458
0.138259
0.153616
0.159445
0.145272
0.223488
0.144354
0.14223
0.15417
0.154768
0.141456
0.142991
0.150348
0.148994
0.143737
0.145606
0.144827
0.222076
0.15916
0.161659
0.138971
0.144379
0.161738
0.155548
0.142271
0.139307
0.164277
0.148479
0.221051
0.156746
0.175976
0.138387
0.156257
0.140486
0.140055
0.142503
0.152018
0.149019
0.14793
0.230453
0.145612
0.144652
0.154014
0.168242
0.138152
0.143096
0.150413
0.169505
0.144291
0.22506
0.138172
0.141474
0.153377
0.150468
0.142834
0.149794
0.157485
0.140564
0.138457
0.148551
0.144099
0.231495
0.164649
0.140047
0.136272
0.14721
0.162159
0.169073
0.138332
0.145131
0.129032
0.172292
0.608667
0.304271
0.376343
0.234728
0.229957
0.462889
0.153075
0.152057
0.23344
0.151219
0.141948
0.142273
0.143241
0.148563
0.222956
0.154429
0.168721
0.137686
0.150169
0.138937
0.161928
0.15536
0.1381
0.156033
0.169744
0.13538
0.143214
0.141426
0.160751
0.181055
0.239703
0.162446
0.419866
0.154336
0.143764
0.153548
0.15269
0.146392
0.139735
0.161904
0.1492
0.147997
0.13704
0.150554
0.152567
0.144727
0.141134
0.16731
0.146773
0.145596
0.141458
0.154562
0.163539
0.142884
0.140965
0.145032
0.1573
0.15911
0.142323
0.145311
0.145651
0.150002
0.160643
0.159487
0.142348
0.140757
0.175597
0.170193
0.15273
0.144174
0.159381
0.212653
0.157523
0.165653
0.14048
0.138896
0.145472
0.31901
0.158781
0.153812
0.150791
0.148934
0.14569
0.160868
0.148177
0.150814
0.148742
0.143381
0.16166
0.176708
0.162401
0.149812
0.149716
0.168441
0.231767
0.149942
0.159225
0.173025
0.155322
0.146845
0.137929
0.158075
0.142972
0.238696
0.177465
0.219216
0.145049
0.143053
0.177536
0.139252
0.141685
0.148514
0.174509
0.144962
0.147592
0.14701
0.167118
0.160144
0.145949
0.153165
0.175826
0.143163
0.160622
0.142032
0.159616
0.143001
0.147148
0.154662
0.216787
0.22962
0.169782
0.143883
0.155255
0.146041
0.16958
0.241712
0.157037
0.142011
0.157792
0.240011
0.148422
0.151511
0.232811
0.165716
0.250667
0.147096
0.143444
0.149681
0.145719
0.147246
0.151472
0.146802
0.147874
0.166068
0.157015
0.243216
0.166017
0.142804
0.171027
0.174965
0.164359
0.169363
0.155981
0.171593
0.147365
0.148029
0.148179
0.157857
0.145767
0.148282
0.146369
0.160626
0.227674
0.146629
0.14582
0.185189
0.164203
0.138844
0.145336
0.154922
0.148321
0.156551
0.147329
0.151669
0.147045
0.147746
0.144895
0.159563
0.160669
0.240908
0.165427
0.16251
0.1632
0.144479
0.152999
0.15618
0.168161
0.167034
0.17386
0.149947
0.146294
0.157841
0.164911
0.158875
0.144769
0.155426
0.180641
0.163246
0.238422
0.152839
0.164097
0.140018
0.148847
0.182492
0.155395
0.145378
0.143927
0.150057
0.150497
0.143326
0.145263
0.148076
0.166323
0.163465
0.14242
0.143469
0.222685
0.147847
0.148407
0.155505
0.145675
0.14722
0.15503
0.158427
0.168864
0.147645
0.147871
0.182486
0.156573
0.153574
0.144787
0.175705
0.161902
0.154152
0.221898
0.214562
0.147816
0.14271
0.143582
0.184822
0.152627
0.154402
0.156141
0.137533
0.1464
0.149951
0.151997
0.172455
0.148052
0.161263
0.151479
0.143027
0.143693
0.227772
0.161177
0.156765
0.147989
0.143212
0.152642
0.154259
0.155202
0.152992
0.197994
0.142328
0.155155
0.158365
0.164996
0.14575
0.147007
0.157315
0.23662
0.150882
0.137724
0.260517
0.342627
0.460448
0.649883
0.375307
0.237838
0.676019
0.247887
0.220933
0.21964
0.34738
0.253648
0.235203
0.218113
0.237176
0.2286
0.245121
0.228913
0.23316
0.21796
0.228244
0.234743
0.224405
0.240143
0.222247
0.219027
0.245006
0.223515
0.232449
0.229257
0.234832
0.283821
0.21748
0.244274
0.251158
0.228948
0.218407
0.200277
0.26116
0.216871
0.220696
0.560465
0.305208
0.220104
0.344536
0.228827
0.230315
0.218434
0.210032
0.274064
0.228084
0.224962
0.236945
0.233722
0.227699
0.219341
0.235709
0.233221
0.219591
0.263222
0.221938
0.223238
0.217105
0.220254
0.411123
0.229242
0.265366
0.230283
0.257863
0.216397
0.21507
0.256157
0.234999
0.244387
0.224089
0.231893
0.258666
0.217598
0.229797
0.219626
0.225535
0.240468
0.233146
0.22924
0.195372
0.21859
0.233266
0.221085
0.235004
0.23234
0.21908
0.241508
0.228048
0.231913
0.219164
0.22106
0.239087
0.218537
0.219479
0.232234
0.223658
0.267383
0.220108
0.226012
0.233295
0.221611
0.259967
0.217759
0.245743
0.208855
0.21865
0.277329
0.220779
0.224303
0.230053
0.217575
0.234544
0.221492
0.235831
0.216186
0.232367
0.222558
0.235232
0.255208
0.230043
0.226069
0.270293
0.222148
0.241611
0.217212
0.357361
0.214347
0.149194
0.138857
0.140945
0.137673
0.141235
0.154769
0.141012
0.165285
0.158478
0.145376
0.225747
0.150224
0.135346
0.166559
0.16196
0.144834
0.148342
0.167957
0.169662
0.166178
0.139914
0.244559
0.162685
0.153163
0.161323
0.155625
0.148579
0.139081
0.140246
0.140908
0.154878
0.14002
0.239541
0.144749
0.146372
0.166119
0.163801
0.147972
0.233202
0.311926
0.222615
0.146586
0.317825
0.161129
0.162151
0.140549
0.157742
0.146686
0.155479
0.158967
0.149355
0.139372
0.159984
0.168585
0.135074
0.141494
0.136306
0.156772
0.135805
0.23484
0.16551
0.139365
0.171098
0.147331
0.132814
0.138596
0.167034
0.150123
0.140383
0.141029
0.162465
0.166309
0.160066
0.141162
0.144809
0.139935
0.143098
0.150066
0.233573
0.155399
0.152674
0.156232
0.145252
0.148048
0.143506
0.319203
0.175299
0.150755
0.145258
0.15432
0.153623
0.173439
0.1421
0.227529
0.236854
0.164074
0.157917
0.142601
0.146634
0.139415
0.226904
0.145667
0.140682
0.141904
0.148153
0.146925
0.140624
0.299997
0.306009
0.236801
0.402322
0.158821
0.232707
0.161068
0.141821
0.220364
0.145066
0.227469
0.145688
0.151108
0.145536
0.153265
0.16836
0.150677
0.186925
0.14115
0.155815
0.149471
0.158553
0.142027
0.139132
0.220498
0.1597
0.157598
0.159286
0.143375
0.229498
0.14662
0.147634
0.162689
0.143689
0.231557
0.15341
0.164326
0.150281
0.143616
0.260406
0.253851
0.388965
0.151763
0.149194
0.157048
0.16645
0.238504
0.230066
0.174247
0.163398
0.175096
0.403711
0.152007
0.143896
0.168207
0.169345
0.174488
0.150875
0.234638
0.179831
0.143526
0.143558
0.169636
0.153921
0.139303
0.146583
0.226932
0.144738
0.150307
0.142106
0.226416
0.149144
0.234513
0.31
0.24561
0.236224
0.145616
0.235364
0.156553
0.183795
0.165882
0.144805
0.142053
0.149033
0.146096
0.138133
0.149437
0.173826
0.15106
0.176352
0.154407
0.165763
0.14494
0.226096
0.151519
0.224739
0.146667
0.15519
0.150136
0.149095
0.140293
0.146793
0.146903
0.160844
0.159494
0.145548
0.236931
0.141663
0.148302
0.164778
0.152279
0.146805
0.149534
0.164323
0.160439
0.151446
0.234549
0.161789
0.155391
0.157278
0.157255
0.166807
0.144822
0.157841
0.178559
0.240886
0.318864
0.196169
0.142555
0.144951
0.149121
0.177663
0.158261
0.30527
0.169831
0.142303
0.145406
0.147191
0.167237
0.160939
0.145924
0.152651
0.152384
0.185282
0.151656
0.154128
0.154387
0.153441
0.158749
0.160715
0.169665
0.147278
0.148018
0.147996
0.170209
0.238033
0.15024
0.174004
0.414241
0.149875
0.139445
0.229424
0.230931
0.171581
0.149014
0.23452
0.181432
0.243963
0.150865
0.1534
0.158873
0.146216
0.165084
0.14977
0.157074
0.2385
0.149475
0.149545
0.148742
0.149953
0.157015
0.173437
0.158304
0.158236
0.248377
0.164366
0.146418
0.146444
0.14983
0.146098
0.14599
0.235164
0.242784
0.150747
0.147701
0.154225
0.164842
0.228161
0.160915
0.166135
0.148526
0.149924
0.149215
0.178076
0.156159
0.230457
0.15144
0.153516
0.149666
0.147688
0.150577
0.147195
0.159975
0.168243
0.147655
0.308362
0.38785
0.23276
0.398659
0.159492
0.145689
0.23511
0.157376
0.156992
0.165318
0.144897
0.164972
0.229972
0.150649
0.320767
0.155498
0.146526
0.150437
0.152901
0.160243
0.147092
0.150234
0.169818
0.149564
0.145358
0.145774
0.156109
0.165419
0.15979
0.146371
0.155243
0.147718
0.144594
0.1389
0.150667
0.155943
0.159428
0.155204
0.146106
0.151399
0.233077
0.153294
0.150368
0.171881
0.153565
0.163277
0.22897
0.147301
0.144341
0.194007
0.166333
0.145996
0.236738
0.155603
0.150941
0.152437
0.171343
0.227578
0.168691
0.168641
0.169196
0.148635
0.151845
0.162838
0.240111
0.15206
0.159252
0.157652
0.145927
0.148521
0.168774
0.386499
0.387173
0.245337
0.316261
0.159558
0.174432
0.231611
0.189055
0.152397
0.138663
0.1906
0.156227
0.158148
0.221548
0.241646
0.166184
0.215261
0.226257
0.233196
0.227136
0.24033
0.233669
0.244148
0.209373
0.228147
0.251554
0.220714
0.222042
0.254285
0.23403
0.2402
0.402262
0.223664
0.251104
0.258541
0.231852
0.276487
0.227687
0.268296
0.364615
0.251729
0.231906
0.224898
0.239361
0.249128
0.230454
0.226613
0.22642
0.357271
0.2356
0.257893
0.227429
0.275855
0.237257
0.24492
0.258085
0.391213
0.223499
0.240777
0.222104
0.243943
0.237221
0.226365
0.240664
0.241976
0.348688
0.249888
0.240349
0.226412
0.231895
0.354478
0.449271
0.373716
0.463147
0.270729
0.251161
0.231468
0.236141
0.404633
0.224703
0.224705
0.243598
0.221974
0.250923
0.238345
0.225534
0.227164
0.238572
0.225084
0.230175
0.240971
0.235427
0.21049
0.246802
0.232606
0.226837
0.230264
0.233189
0.234616
0.156731
0.306865
0.165509
0.146913
0.139888
0.148768
0.160279
0.196836
0.146463
0.144857
0.29963
0.150336
0.147402
0.141433
0.154759
0.160751
0.14858
0.141718
0.146775
0.155381
0.229014
0.150966
0.154332
0.317955
0.151012
0.146694
0.143575
0.158788
0.232886
0.157304
0.147212
0.145743
0.168348
0.155931
0.162393
0.145497
0.267404
0.173712
0.172117
0.177229
0.155261
0.147268
0.163072
0.166543
0.150707
0.15753
0.151599
0.14243
0.22589
0.165883
0.145529
0.14716
0.147646
0.150338
0.147908
0.143093
0.256249
0.153259
0.14244
0.147921
0.157367
0.229324
0.159187
0.154952
0.246639
0.164926
0.263236
0.151439
0.148512
0.152912
0.158876
0.251117
0.248023
0.245394
0.152735
0.251697
0.243709
0.142673
0.133964
0.158525
0.136035
0.135731
0.231926
0.229418
0.147266
0.221317
0.17112
0.158411
0.140825
0.186578
0.220096
0.148291
0.14572
0.150086
0.157983
0.241544
0.168925
0.155043
0.145238
0.142685
0.243219
0.157302
0.143679
0.165082
0.143839
0.294149
0.153051
0.140398
0.15832
0.146129
0.245987
0.140869
0.147192
0.237042
0.220448
0.223949
0.156615
0.219737
0.253171
0.168076
0.149233
0.156119
0.153963
0.147479
0.160874
0.16164
0.221338
0.147525
0.149542
0.15914
0.133778
0.226825
0.284204
0.146154
0.216505
0.156482
0.224358
0.143861
0.243597
0.162867
0.149772
0.135716
0.140723
0.155597
0.139561
0.138449
0.138637
0.134764
0.142423
0.139841
0.229747
0.152024
0.129117
0.146615
0.151848
0.239702
0.301874
0.16284
0.220694
0.241661
0.188161
0.223743
0.239983
0.159525
0.156171
0.154839
0.163766
0.157243
0.161664
0.173369
0.153671
0.148925
0.24252
0.14769
0.1439
0.145819
0.165921
0.229553
0.153996
0.220265
0.1484
0.23769
0.245672
0.165692
0.156105
0.147006
0.294119
0.155339
0.146217
0.171704
0.157846
0.145861
0.224957
0.160267
0.310272
0.171334
0.146894
0.144511
0.163629
0.2445
0.155007
0.22296
0.166706
0.228118
0.171366
0.143841
0.155008
0.14496
0.234627
0.160232
0.145447
0.140681
0.145195
0.142261
0.146162
0.22531
0.183213
0.145207
0.233255
0.155772
0.313185
0.170728
0.142812
0.322685
0.15018
0.227015
0.179606
0.143136
0.224974
0.193388
0.159552
0.156777
0.257524
0.149533
0.143987
0.187479
0.238134
0.15426
0.173645
0.157453
0.144696
0.147783
0.242312
0.153988
0.231476
0.167181
0.145182
0.148087
0.152533
0.240671
0.164916
0.180525
0.166582
0.230606
0.153883
0.241504
0.152982
0.146097
0.151751
0.167257
0.157366
0.151459
0.258611
0.156175
0.147686
0.147566
0.15854
0.225038
0.145455
0.163467
0.145141
0.242876
0.260737
0.162246
0.164839
0.185161
0.154893
0.244558
0.183699
0.155297
0.232881
0.17505
0.160118
0.198161
0.154675
0.277958
0.166208
0.223692
0.20006
0.23771
0.163248
0.219393
0.231567
0.266281
0.343244
0.239933
0.229946
0.255699
0.250208
0.372321
0.249391
0.363548
0.233875
0.412071
0.225083
0.22272
0.443598
0.269788
0.403438
0.227522
0.255266
0.23595
0.25991
0.269484
0.372181
0.301427
0.388878
0.250088
0.375586
0.23167
0.433333
0.230525
0.241567
0.258692
0.430653
0.230204
0.293292
0.250334
0.253598
0.250452
0.418072
0.249334
0.273039
0.243271
0.271245
0.475151
0.50741
0.228957
0.42227
0.253828
0.387401
0.22937
0.284706
0.246089
0.396171
0.226116
0.473495
0.260883
0.288059
0.276017
0.254783
0.278277
0.268925
0.320989
0.267718
0.264911
0.415471
0.252149
0.279809
0.269093
0.269458
0.24897
0.484288
0.252434
0.44932
0.251057
0.450423
0.17602
0.163751
0.25004
0.160048
0.162922
0.28743
0.168116
0.161887
0.172019
0.156788
0.264104
0.263294
0.177062
0.269445
0.151763
0.237625
0.159828
0.159269
0.1522
0.161576
0.180685
0.2406
0.181088
0.165913
0.175267
0.184718
0.240492
0.192062
0.18479
0.170416
0.157735
0.35856
0.253274
0.318981
0.174703
0.246374
0.156075
0.147494
0.17359
0.172693
0.150594
0.159572
0.152943
0.156972
0.148777
0.15957
0.24386
0.241829
0.148895
0.156686
0.145735
0.162529
0.241591
0.176936
0.170688
0.250455
0.167321
0.233623
0.228352
0.322136
0.155182
0.166817
0.150789
0.161874
0.156464
0.317111
0.176329
0.150775
0.16007
0.251036
0.151574
0.155414
0.158002
0.169967
0.153243
0.234779
0.162829
0.151671
0.168342
0.15057
0.251887
0.254704
0.335273
0.152407
0.161777
0.158689
0.172356
0.159825
0.152186
0.314048
0.167752
0.156815
0.157185
0.232237
0.158345
0.152714
0.158772
0.161895
0.168883
0.158564
0.244648
0.148805
0.154622
0.154602
0.158913
0.257815
0.183612
0.240156
0.310452
0.182944
0.147939
0.154907
0.173256
0.17501
0.385225
0.172961
0.147911
0.158932
0.166806
0.163284
0.170978
0.236911
0.170556
0.168389
0.164554
0.262469
0.236823
0.158818
0.159592
0.230424
0.158264
0.17155
0.163957
0.153677
0.159857
0.195555
0.169096
0.284648
0.191363
0.168116
0.182961
0.176081
0.157545
0.265768
0.159319
0.156879
0.158928
0.193847
0.332704
0.425573
0.235123
0.245495
0.152273
0.155143
0.156828
0.156035
0.150396
0.188227
0.299598
0.258167
0.203283
0.270091
0.212938
0.271619
0.416122
0.270848
0.1817
0.13628
0.104648
0.240878
0.14885
0.191602
0.273692
0.152729
0.158786
0.249996
0.161231
0.257866
0.164259
0.284387
0.23966
0.167
0.254417
0.168186
0.171872
0.238526
0.164236
0.16709
0.157475
0.174026
0.166791
0.251425
0.162922
0.168218
0.177247
0.158637
0.248798
0.170348
0.172528
0.158454
0.168464
0.267517
0.155437
0.257797
0.351257
0.251462
0.151425
0.330701
0.169401
0.17279
0.20711
0.160917
0.15437
0.187409
0.157169
0.260282
0.161375
0.158482
0.166648
0.156783
0.213397
0.406426
0.225694
0.23661
0.253462
0.256999
0.25477
0.372231
0.262518
0.25562
0.247862
0.258344
0.393525
0.250779
0.404599
0.232574
0.271148
0.250718
0.256766
0.254818
0.243679
0.26341
0.240593
0.486083
0.250791
0.243594
0.244822
0.370906
0.241128
0.253912
0.258034
0.369473
0.228973
0.249001
0.256878
0.242991
0.396944
0.236807
0.271905
0.239867
0.40887
0.482267
0.380615
0.24057
0.270649
0.278743
0.261213
0.244136
0.284742
0.390899
0.230427
0.269724
0.299642
0.258554
0.426331
0.268435
0.25812
0.392199
0.240477
0.424728
0.249219
0.258664
0.237387
0.408076
0.270697
0.363046
0.239754
0.246189
0.253129
0.255065
0.267411
0.429262
0.239549
0.339141
0.267059
0.286581
0.25829
0.398631
0.38263
0.365289
0.241269
0.330409
0.21425
0.396249
0.222285
0.264602
0.272988
0.247227
0.514567
0.230771
0.261682
0.454891
0.226563
0.258169
0.246735
0.164235
0.15988
0.153482
0.165956
0.265718
0.148576
0.15268
0.160911
0.254964
0.161778
0.156078
0.187094
0.238161
0.177601
0.295058
0.15649
0.167605
0.315818
0.154025
0.182404
0.157093
0.17285
0.248511
0.314467
0.493148
0.238267
0.225252
0.155356
0.157057
0.157443
0.167916
0.170033
0.247344
0.266501
0.302426
0.156787
0.164485
0.159895
0.239311
0.239298
0.160215
0.160492
0.147352
0.226262
0.153858
0.430777
0.14571
0.154689
0.155909
0.144359
0.238231
0.145562
0.160993
0.166598
0.178892
0.268
0.341193
0.255645
0.209683
0.318683
0.425869
0.276168
0.27647
0.192556
0.162334
0.2534
0.158408
0.165998
0.23379
0.150553
0.161855
0.164479
0.158282
0.171187
0.154894
0.564122
0.153574
0.306423
0.233515
0.15011
0.159057
0.160878
0.165571
0.265642
0.160927
0.136253
0.142898
0.1512
0.247245
0.238689
0.263263
0.332852
0.158106
0.311232
0.228014
0.56917
0.162615
0.158942
0.403675
0.15788
0.14727
0.15353
0.234547
0.233627
0.202165
0.264518
0.148446
0.152566
0.22633
0.152872
0.151929
0.150281
0.251236
0.169888
0.163526
0.571379
0.151921
0.15015
0.320252
0.158876
0.154423
0.153937
0.247117
0.164032
0.246587
0.53107
0.156855
0.151043
0.136281
0.250168
0.156123
0.159347
0.253257
0.163914
0.155723
0.358151
0.13254
0.135054
0.157581
0.186841
0.240095
0.156207
0.157082
0.157556
0.159594
0.169337
0.239337
0.160486
0.155838
0.263223
0.333254
0.245649
0.158888
0.158113
0.175198
0.159437
0.253667
0.180109
0.245813
0.178814
0.174386
0.162218
0.158517
0.157671
0.247088
0.181442
0.174613
0.182883
0.17021
0.262942
0.175999
0.162472
0.265985
0.355242
0.185897
0.184488
0.187597
0.193652
0.3317
0.162952
0.172673
0.218864
0.160449
0.162429
0.14675
0.151476
0.211062
0.146674
0.13098
0.134874
0.133603
0.135612
0.208908
0.212994
0.165503
0.157945
0.153343
0.381946
0.154512
0.154212
0.257013
0.318573
0.168873
0.172304
0.165018
0.165713
0.171126
0.342705
0.164543
0.155508
0.170003
0.155761
0.163666
0.181205
0.242864
0.155386
0.16275
0.1555
0.169596
0.155941
0.240261
0.159307
0.151545
0.169568
0.15896
0.252736
0.161026
0.155524
0.150523
0.153098
0.156125
0.399657
0.486638
0.486784
0.235691
0.249597
0.398686
0.24221
0.331783
0.239899
0.261207
0.366528
0.229186
0.251118
0.366474
0.361005
0.250481
0.237113
0.395043
0.245313
0.243319
0.238611
0.249152
0.245981
0.258362
0.240047
0.257766
0.238961
0.412916
0.23353
0.232487
0.266321
0.248392
0.231208
0.399515
0.270814
0.384874
0.228937
0.490908
0.267866
0.265211
0.23437
0.390425
0.358832
0.387582
0.233194
0.232323
0.27299
0.240114
0.250691
0.36389
0.261202
0.247957
0.235619
0.259782
0.367127
0.248904
0.390558
0.233129
0.228902
0.25397
0.2355
0.245441
0.234041
0.246297
0.329711
0.361103
0.166427
0.191446
0.237701
0.257099
0.381176
0.345463
0.307063
0.229086
0.247382
0.375906
0.231372
0.227978
0.126931
0.30899
0.181865
0.137258
0.223877
0.221955
0.151861
0.283727
0.0983799999999
0.17651
0.169995
0.18915
0.137728
0.294652
0.153881
0.138376
0.154865
0.144085
0.222318
0.148342
0.15334
0.13576
0.230703
0.328797
0.160385
0.164611
0.159132
0.151552
0.306465
0.167586
0.147223
0.163353
0.159908
0.168528
0.14723
0.151946
0.15027
0.243757
0.155013
0.153925
0.15528
0.155523
0.160554
0.243775
0.164229
0.157396
0.1633
0.150931
0.237521
0.161315
0.150815
0.16149
0.152512
0.243048
0.337404
0.315959
0.16284
0.344389
0.158343
0.152004
0.243803
0.158157
0.241443
0.165498
0.24104
0.158603
0.162205
0.247023
0.247567
0.236563
0.153689
0.157149
0.165684
0.15194
0.235712
0.165063
0.162154
0.247823
0.155214
0.252442
0.15893
0.155391
0.153012
0.142976
0.139118
0.333621
0.172681
0.200446
0.18537
0.29415
0.292584
0.175052
0.190346
0.332395
0.185303
0.165651
0.182579
0.177322
0.180389
0.284841
0.179207
0.166735
0.171281
0.197609
0.268655
0.194551
0.179537
0.174392
0.164708
0.335028
0.245106
0.337253
0.178081
0.149397
0.329713
0.171529
0.154932
0.149737
0.164493
0.163687
0.165306
0.162043
0.154455
0.15472
0.161878
0.163377
0.161174
0.319691
0.16516
0.174906
0.179522
0.164029
0.158194
0.218172
0.146583
0.182059
0.20345
0.188534
0.26843
0.295389
0.18353
0.29955
0.179532
0.279749
0.251685
0.328706
0.16597
0.156807
0.324592
0.154641
0.155831
0.156225
0.165763
0.166102
0.253668
0.170573
0.160851
0.153438
0.155615
0.163251
0.157776
0.259206
0.175396
0.155657
0.158736
0.157767
0.149527
0.249679
0.161012
0.180643
0.157228
0.16607
0.164005
0.247096
0.156856
0.155787
0.169792
0.168007
0.248948
0.168837
0.151467
0.205031
0.365455
0.172074
0.17188
0.381778
0.18301
0.191306
0.17119
0.176278
0.296224
0.210317
0.203483
0.213259
0.193519
0.195973
0.194396
0.190123
0.187635
0.175187
0.184185
0.253409
0.171262
0.156102
0.161735
0.193664
0.158705
0.2519
0.178636
0.192507
0.164188
0.154923
0.261592
0.174645
0.249103
0.261529
0.168401
0.162241
0.162761
0.159924
0.15752
0.175196
0.280003
0.172788
0.256725
0.166078
0.159343
0.249239
0.166361
0.168022
0.163718
0.162212
0.15712
0.158596
0.252604
0.16584
0.166145
0.1747
0.268553
0.246806
0.183022
0.167147
0.1597
0.157842
0.162157
0.419397
0.262348
0.169947
0.24355
0.175971
0.185044
0.25144
0.199083
0.157227
0.156532
0.158589
0.156036
0.249948
0.155456
0.176387
0.162266
0.175083
0.169205
0.322805
0.243796
0.164654
0.245745
0.178098
0.203888
0.25972
0.231214
0.160408
0.174928
0.181862
0.19341
0.279673
0.200932
0.196645
0.203113
0.201582
0.16327
0.304318
0.214076
0.798113
0.413678
0.407553
0.42625
0.242074
0.269046
0.278702
0.247359
0.400041
0.236124
0.279638
0.247209
0.441437
0.237364
0.4133
0.297448
0.263417
0.288941
0.259984
0.405664
0.250819
0.257709
0.295965
0.530085
0.592732
0.255106
0.264758
0.294762
0.274505
0.411412
0.40407
0.40466
0.406555
0.263804
0.262988
0.262932
0.368397
0.278689
0.254843
0.359839
0.271772
0.301364
0.279746
0.298343
0.177965
0.310728
0.255008
0.216693
0.404627
0.371125
0.278288
0.249068
0.240129
0.26064
0.393164
0.262174
0.263393
0.25677
0.175692
0.15943
0.242537
0.168542
0.157745
0.161634
0.162992
0.175093
0.238635
0.168651
0.167167
0.163052
0.156886
0.327952
0.331092
0.251135
0.41718
0.163888
0.158861
0.156887
0.261741
0.248495
0.160682
0.167103
0.161009
0.168238
0.16224
0.154893
0.154173
0.24007
0.262156
0.248751
0.251061
0.168098
0.172987
0.161859
0.247068
0.160687
0.157207
0.170643
0.16789
0.168315
0.250595
0.163356
0.161358
0.156394
0.168081
0.171059
0.257424
0.246799
0.407289
0.165754
0.157338
0.162688
0.156032
0.1537
0.243804
0.173452
0.32756
0.156144
0.253498
0.244301
0.260807
0.158712
0.153558
0.163073
0.163174
0.165888
0.251689
0.164853
0.160709
0.159086
0.159931
0.240552
0.160568
0.153556
0.158512
0.163235
0.252666
0.164702
0.172049
0.238345
0.326121
0.155298
0.15513
0.330789
0.159198
0.15742
0.15465
0.165921
0.158165
0.186462
0.156321
0.156548
0.148383
0.157918
0.153335
0.148768
0.154212
0.173983
0.241831
0.156058
0.15944
0.165215
0.162073
0.163494
0.168578
0.155574
0.285374
0.163406
0.16622
0.16215
0.166358
0.174252
0.253869
0.169939
0.160383
0.162431
0.15775
0.17671
0.256358
0.15852
0.155816
0.244772
0.366361
0.169614
0.162543
0.173578
0.171203
0.171731
0.335682
0.169397
0.17112
0.158437
0.162854
0.161143
0.171099
0.161812
0.266393
0.156588
0.155727
0.167368
0.167755
0.164945
0.260139
0.167742
0.168497
0.158884
0.158282
0.264098
0.157259
0.160351
0.156739
0.174888
0.330539
0.260949
0.272754
0.161035
0.255014
0.166196
0.169088
0.166589
0.156637
0.245301
0.15915
0.254808
0.168893
0.160951
0.164144
0.160221
0.256118
0.170517
0.174013
0.1655
0.159915
0.168007
0.249866
0.16988
0.159282
0.16136
0.161389
0.259974
0.159629
0.158673
0.267164
0.260625
0.159712
0.168773
0.168581
0.164153
0.166454
0.157339
0.25255
0.17005
0.17125
0.160903
0.164827
0.166585
0.329462
0.168422
0.165995
0.166736
0.16371
0.158281
0.249896
0.163476
0.161458
0.161136
0.165958
0.25782
0.165796
0.247623
0.332184
0.270502
0.161111
0.154713
0.158247
0.159623
0.160678
0.249297
0.174052
0.341644
0.168503
0.167319
0.261955
0.162575
0.175126
0.1667
0.167473
0.162529
0.25231
0.157766
0.15936
0.159602
0.169853
0.167239
0.260537
0.166908
0.168186
0.172039
0.165199
0.256262
0.168125
0.170042
0.16118
0.249422
0.387095
0.247244
0.158503
0.34589
0.160541
0.180707
0.161663
0.177977
0.185377
0.259513
0.165797
0.155484
0.170549
0.166494
0.156315
0.160869
0.168039
0.166306
0.165624
0.166691
0.244281
0.170832
0.153157
0.159735
0.161584
0.167186
0.254454
0.158837
0.160357
0.169106
0.159755
0.159969
0.249219
0.274055
0.32657
0.249766
0.266639
0.159722
0.410149
0.157066
0.332575
0.254763
0.255748
0.158276
0.161121
0.16794
0.253129
0.16827
0.164094
0.160784
0.158542
0.160994
0.242951
0.161369
0.162374
0.167214
0.166379
0.265233
0.257807
0.336309
0.159358
0.165374
0.163248
0.266325
0.254448
0.158723
0.163038
0.15887
0.179573
0.179564
0.266784
0.172311
0.162757
0.170286
0.162067
0.161367
0.262628
0.167826
0.164771
0.185173
0.171852
0.170297
0.259336
0.184076
0.178269
0.178014
0.158135
0.263433
0.168743
0.170957
0.163205
0.250494
0.426861
0.159305
0.244029
0.493246
0.26346
0.260328
0.252262
0.387842
0.236726
0.260513
0.240019
0.262145
0.245559
0.256476
0.262135
0.259112
0.237554
0.252534
0.24573
0.250468
0.398961
0.236295
0.257333
0.259478
0.259937
0.24716
0.383345
0.245472
0.25957
0.242801
0.27241
0.265857
0.403198
0.242339
0.265501
0.249173
0.254752
0.259004
0.381496
0.243743
0.259833
0.386425
0.507465
0.383376
0.2531
0.522072
0.22847
0.256414
0.254564
0.258712
0.258152
0.236688
0.399029
0.232957
0.263035
0.238766
0.433473
0.246064
0.263133
0.247945
0.246164
0.247002
0.376892
0.375678
0.24237
0.26039
0.246188
0.26318
0.389216
0.243867
0.271023
0.241738
0.245168
0.309155
0.378199
0.257404
0.260197
0.249239
0.278437
0.246889
0.383156
0.247771
0.258667
0.233125
0.252429
0.328922
0.160648
0.165832
0.340249
0.166385
0.155626
0.157864
0.164451
0.165441
0.165281
0.15554
0.161288
0.160899
0.170543
0.172001
0.153448
0.158818
0.155284
0.168457
0.164394
0.173167
0.395304
0.166416
0.148636
0.147166
0.158904
0.156425
0.234615
0.164021
0.146446
0.146871
0.146032
0.156027
0.242283
0.176392
0.156138
0.161432
0.164325
0.256634
0.158865
0.16772
0.14804
0.153921
0.23992
0.154246
0.161366
0.237789
0.329228
0.238443
0.315832
0.15998
0.160112
0.159407
0.172882
0.249154
0.167329
0.156472
0.156717
0.14797
0.147734
0.154721
0.161254
0.157349
0.145724
0.15135
0.149563
0.148051
0.147277
0.151912
0.151855
0.152486
0.322421
0.169479
0.152354
0.148209
0.233816
0.256187
0.176264
0.151629
0.237306
0.174647
0.163713
0.152432
0.148948
0.155513
0.245165
0.164336
0.157444
0.161354
0.159859
0.156811
0.242888
0.170319
0.151971
0.151094
0.16692
0.163635
0.23555
0.165395
0.151624
0.242463
0.32488
0.180694
0.155213
0.369408
0.170485
0.167101
0.163044
0.153058
0.154424
0.147207
0.169739
0.169778
0.160011
0.14845
0.154945
0.154269
0.187335
0.154244
0.159843
0.169844
0.268768
0.167798
0.157963
0.153225
0.167036
0.164068
0.238368
0.162541
0.152008
0.150196
0.166726
0.148999
0.320719
0.164205
0.170487
0.167136
0.247882
0.256916
0.179884
0.155046
0.152847
0.148682
0.168565
0.169747
0.234918
0.146596
0.165557
0.158849
0.159792
0.156855
0.163764
0.167106
0.251575
0.163344
0.161097
0.158346
0.158568
0.168094
0.247819
0.174127
0.171362
0.163056
0.157681
0.160167
0.24606
0.166806
0.173479
0.17416
0.154452
0.156733
0.24527
0.164533
0.256756
0.348875
0.16933
0.158755
0.340918
0.175425
0.155949
0.163093
0.179545
0.16531
0.182837
0.159965
0.157241
0.157647
0.169335
0.255416
0.159993
0.166605
0.167931
0.249635
0.266969
0.173631
0.171764
0.180374
0.17087
0.165011
0.262728
0.179933
0.166564
0.166217
0.273162
0.181455
0.263553
0.164722
0.18015
0.166826
0.163685
0.164574
0.166278
0.184161
0.259792
0.163982
0.16364
0.160153
0.166303
0.167355
0.25577
0.186065
0.162777
0.254647
0.174548
0.333064
0.17227
0.165062
0.15763
0.162938
0.158137
0.163524
0.252344
0.164321
0.158604
0.157801
0.161171
0.170226
0.249728
0.258926
0.270245
0.250658
0.165676
0.164436
0.24918
0.1801
0.250129
0.163254
0.159629
0.173663
0.167874
0.252746
0.187511
0.252625
0.164145
0.167261
0.251607
0.175808
0.177046
0.170469
0.159066
0.164562
0.3699
0.257111
0.263507
0.243396
0.369499
0.253776
0.511925
0.239612
0.382095
0.385708
0.250119
0.260882
0.260047
0.377789
0.398058
0.257804
0.26037
0.262092
0.265268
0.39083
0.383788
0.251082
0.258791
0.267216
0.363997
0.256043
0.261627
0.258933
0.24572
0.242642
0.388256
0.240685
0.254915
0.259475
0.247777
0.266584
0.381812
0.254086
0.256476
0.246969
0.240246
0.267952
0.404681
0.263279
0.262421
0.240829
0.258621
0.254903
0.379667
0.250378
0.255547
0.496387
0.499005
0.382261
0.499232
0.259474
0.259931
0.245295
0.250924
0.413635
0.260074
0.28907
0.247464
0.265466
0.243848
0.260391
0.251255
0.251577
0.243125
0.262439
0.263626
0.242738
0.316022
0.241785
0.263749
0.239212
0.249269
0.245115
0.330716
0.161132
0.163308
0.168817
0.164366
0.160426
0.161164
0.148626
0.169329
0.1643
0.166753
0.162827
0.339598
0.172868
0.158074
0.161944
0.158761
0.173502
0.248444
0.176339
0.163717
0.172719
0.161413
0.175056
0.25527
0.172776
0.158757
0.156505
0.168098
0.164892
0.247391
0.171886
0.170538
0.245145
0.345928
0.17379
0.155085
0.323801
0.161248
0.149806
0.156569
0.172205
0.154869
0.157915
0.160911
0.162893
0.159008
0.15867
0.155278
0.15796
0.163727
0.172663
0.170189
0.163662
0.316198
0.171592
0.175673
0.155753
0.157391
0.179322
0.245004
0.170514
0.165554
0.16906
0.248811
0.175253
0.24726
0.17713
0.164483
0.156735
0.157758
0.247405
0.160817
0.153495
0.251226
0.184025
0.165759
0.153598
0.162271
0.160044
0.241236
0.163414
0.160141
0.163195
0.156082
0.158549
0.24116
0.165888
0.168668
0.169317
0.165346
0.161484
0.250479
0.169571
0.158953
0.239998
0.170971
0.161665
0.24206
0.251961
0.263304
0.329448
0.247987
0.328382
0.188305
0.156143
0.158761
0.154727
0.161011
0.25258
0.173733
0.15913
0.158027
0.161894
0.163728
0.159611
0.159343
0.157293
0.178722
0.157588
0.164379
0.165416
0.159949
0.159654
0.158219
0.158354
0.253485
0.165452
0.157581
0.156435
0.161028
0.24655
0.16817
0.24589
0.172124
0.258401
0.157582
0.156341
0.153833
0.156314
0.239983
0.157466
0.153653
0.149227
0.158475
0.170585
0.237006
0.165813
0.172584
0.164865
0.155434
0.175002
0.260286
0.160894
0.159683
0.332039
0.16113
0.157164
0.24091
0.166903
0.165963
0.160219
0.156775
0.163251
0.248451
0.175034
0.158933
0.159066
0.249142
0.340982
0.258006
0.336877
0.172003
0.159434
0.162151
0.183098
0.244777
0.168717
0.158688
0.172897
0.161606
0.162109
0.163557
0.165779
0.162445
0.159293
0.163925
0.162471
0.153057
0.170639
0.178299
0.341719
0.179524
0.169742
0.16758
0.171357
0.254716
0.183178
0.16228
0.160427
0.158848
0.175866
0.245438
0.163118
0.157031
0.168647
0.158193
0.162745
0.158687
0.246375
0.177435
0.269857
0.335605
0.179118
0.155128
0.15825
0.260672
0.164261
0.170129
0.344462
0.162087
0.157168
0.155837
0.16648
0.167766
0.252559
0.26889
0.169379
0.166075
0.163871
0.168508
0.165132
0.255708
0.18779
0.164643
0.16957
0.164755
0.178565
0.252181
0.168482
0.163666
0.171592
0.360265
0.254816
0.167448
0.160585
0.166129
0.167973
0.265567
0.172846
0.182895
0.174843
0.25457
0.187716
0.173292
0.165099
0.165927
0.170723
0.342151
0.162619
0.15921
0.158496
0.162088
0.185107
0.249456
0.179893
0.166345
0.15691
0.167323
0.164308
0.258212
0.159593
0.163319
0.159407
0.172803
0.160352
0.247711
0.164316
0.175377
0.174257
0.160601
0.24932
0.335532
0.174403
0.177305
0.263189
0.261402
0.169903
0.160071
0.157802
0.167748
0.167199
0.168114
0.161865
0.158141
0.161977
0.174883
0.180004
0.160717
0.167241
0.166013
0.157352
0.158395
0.158769
0.268269
0.168493
0.165434
0.156667
0.164442
0.165393
0.163857
0.26923
0.169405
0.164138
0.17743
0.160168
0.157499
0.242089
0.170546
0.159958
0.163178
0.247713
0.335366
0.230249
0.239235
0.239959
0.240133
0.257145
0.250838
0.509798
0.256738
0.254726
0.247546
0.24495
0.251086
0.249855
0.240305
0.244552
0.52394
0.232725
0.241387
0.239329
0.249997
0.39012
0.242084
0.253033
0.380951
0.243981
0.401474
0.229721
0.395408
0.241641
0.25051
0.243516
0.505432
0.2418
0.241025
0.244047
0.262627
0.245987
0.379312
0.244634
0.254936
0.244973
0.247786
0.241392
0.243175
0.375841
0.242295
0.242595
0.2433
0.244238
0.249129
0.383273
0.24431
0.256189
0.240092
0.248749
0.254728
0.371239
0.490306
0.486802
0.245187
0.503177
0.26082
0.241751
0.244509
0.241651
0.255475
0.252604
0.384802
0.241219
0.255858
0.243558
0.251223
0.255777
0.240569
0.241179
0.255609
0.242637
0.234787
0.244674
0.239036
0.240746
0.246208
0.249866
0.394644
0.241694
0.245508
0.246815
0.261292
0.248321
0.38741
0.240552
0.252342
0.236988
0.386083
0.24053
0.391819
0.241549
0.241522
0.237951
0.244587
0.252369
0.24404
0.250826
0.531378
0.257952
0.247758
0.244743
0.274568
0.252838
0.259252
0.405962
0.244667
0.249492
0.246543
0.245944
0.256856
0.38306
0.227798
0.16076
0.161186
0.158687
0.152857
0.2583
0.168915
0.162823
0.160891
0.167997
0.174979
0.336684
0.326398
0.261949
0.417412
0.258935
0.174284
0.163894
0.169036
0.162427
0.16331
0.256191
0.165333
0.244968
0.25313
0.171821
0.157252
0.16856
0.256625
0.164747
0.330483
0.171573
0.157925
0.158402
0.171561
0.250938
0.258921
0.163232
0.158234
0.161058
0.164265
0.158706
0.240743
0.167996
0.161559
0.157007
0.184444
0.159563
0.150524
0.247253
0.252314
0.173879
0.176389
0.161684
0.155199
0.238808
0.162374
0.160445
0.177642
0.179297
0.261085
0.334048
0.171929
0.16348
0.326153
0.168596
0.165225
0.161677
0.158553
0.16109
0.16777
0.165777
0.15996
0.162608
0.167646
0.168836
0.164016
0.160527
0.157715
0.158457
0.160402
0.157251
0.155189
0.158156
0.248385
0.166177
0.159977
0.160354
0.243066
0.183484
0.181446
0.157647
0.251822
0.160086
0.156884
0.176951
0.164865
0.153971
0.244394
0.158852
0.160947
0.161937
0.269697
0.161618
0.255699
0.180054
0.160689
0.248817
0.173154
0.168182
0.163155
0.165477
0.349104
0.187069
0.18047
0.157924
0.167749
0.152003
0.262995
0.164247
0.252386
0.334357
0.296608
0.195628
0.180665
0.26512
0.165255
0.167756
0.243966
0.162807
0.156319
0.157999
0.172501
0.158933
0.251234
0.165811
0.175824
0.170222
0.165172
0.163476
0.170705
0.251726
0.167778
0.166633
0.16127
0.163737
0.163238
0.257519
0.164364
0.167812
0.168646
0.168552
0.16546
0.271236
0.193633
0.282662
0.333701
0.24934
0.417087
0.173773
0.15735
0.161192
0.159817
0.272523
0.177501
0.180132
0.16075
0.171569
0.171164
0.161257
0.163085
0.164447
0.167033
0.164979
0.250202
0.17499
0.161207
0.158923
0.158418
0.15914
0.163885
0.259366
0.260237
0.159586
0.164811
0.176153
0.265096
0.182891
0.165376
0.249067
0.170564
0.16014
0.178357
0.162294
0.164725
0.261415
0.165495
0.177398
0.179075
0.177565
0.25438
0.347413
0.332583
0.262805
0.165854
0.339608
0.271682
0.25763
0.166576
0.164514
0.190091
0.205513
0.291548
0.19988
0.191924
0.322659
0.189823
0.18186
0.194457
0.206758
0.324931
0.187038
0.178374
0.163217
0.176063
0.170598
0.253243
0.171881
0.258006
0.169377
0.165606
0.169633
0.263518
0.17365
0.16777
0.164479
0.164886
0.164755
0.261071
0.17171
0.165059
0.156223
0.16507
0.255862
0.350274
0.16143
0.178488
0.343475
0.170147
0.160449
0.157528
0.168453
0.169792
0.168223
0.166718
0.162085
0.161272
0.162944
0.17081
0.170597
0.16886
0.157511
0.182847
0.161255
0.160869
0.18366
0.288555
0.178649
0.182163
0.180981
0.185736
0.174947
0.386053
0.170209
0.159507
0.188982
0.185909
0.173815
0.437659
0.263422
0.229659
0.233601
0.136759
0.137496
0.143218
0.128888
0.265106
0.225736
0.14266
0.273483
0.371452
0.153587
0.192887
0.354464
0.155663
0.147492
0.218677
0.284706
0.261407
0.270425
0.430184
0.261656
0.240241
0.190098
0.183648
0.220273
0.209946
0.336443
0.353884
0.422098
0.374399
0.299997
0.72137
0.287196
0.218754
0.291047
0.271186
0.292649
0.549396
0.405546
0.329781
0.304336
0.388191
0.256791
0.69353
0.281714
0.252337
0.251499
0.37794
0.260424
0.473744
0.250891
0.246754
0.263208
0.22195
0.217717
0.212759
0.378335
0.313896
0.27836
0.318436
0.340143
0.498864
0.378147
0.518912
0.567834
0.454801
0.66974
0.312912
0.510753
0.252576
0.393342
0.169023
0.196671
0.20633
0.183436
0.191217
0.285951
0.180461
0.184982
0.156167
0.171255
0.144055
0.197086
0.292118
0.192959
0.184346
0.177742
0.204809
0.160362
0.269699
0.212658
0.223918
0.171192
0.146992
0.140441
0.133589
0.323256
0.347152
0.185281
0.259211
0.196616
0.19219
0.183853
0.281996
0.207272
0.218118
0.193502
0.195325
0.148687
0.31094
0.282748
0.35152
0.166477
0.342606
0.176387
0.162505
0.180119
0.173537
0.172221
0.170958
0.167381
0.193603
0.174631
0.186835
0.265127
0.176264
0.176939
0.167064
0.184188
0.283114
0.180984
0.171514
0.175751
0.174779
0.18686
0.18611
0.156765
0.283311
0.173157
0.19117
0.181463
0.191558
0.178183
0.284816
0.20454
0.188052
0.305815
0.208349
0.192479
0.216961
0.211346
0.211708
0.178062
0.375792
0.182138
0.196869
0.18866
0.176483
0.198966
0.170513
0.310889
0.220845
0.222784
0.203442
0.224918
0.195427
0.210764
0.282127
0.178851
0.176011
0.176291
0.167099
0.17544
0.160413
0.260718
0.194124
0.173634
0.17121
0.17038
0.17429
0.267657
0.254975
0.348358
0.175269
0.358632
0.167142
0.162067
0.169422
0.175875
0.174841
0.178258
0.180344
0.165454
0.167288
0.270743
0.171573
0.173314
0.18026
0.177983
0.18353
0.185524
0.188502
0.185572
0.187177
0.194634
0.17996
0.177149
0.218008
0.172138
0.296492
0.222885
0.19585
0.209439
0.193195
0.210855
0.196443
0.272314
0.178211
0.174261
0.16733
0.167997
0.164054
0.407362
0.257504
0.182655
0.257583
0.1741
0.166607
0.165976
0.165722
0.260538
0.177243
0.169173
0.165291
0.166376
0.367933
0.402855
0.265884
0.194902
0.342671
0.166215
0.170069
0.17129
0.176981
0.178357
0.168532
0.165331
0.144984
0.163417
0.185931
0.262497
0.16603
0.174599
0.178016
0.171508
0.183729
0.183238
0.172821
0.172859
0.172391
0.164012
0.288696
0.170673
0.172916
0.189496
0.215765
0.209832
0.267658
0.17639
0.168164
0.179138
0.169069
0.170609
0.258981
0.181698
0.182613
0.180883
0.191065
0.178587
0.260113
0.191376
0.170991
0.171223
0.168587
0.28223
0.180489
0.172261
0.181209
0.168499
0.262247
0.185197
0.176644
0.16696
0.17579
0.178384
0.360095
0.520384
0.441726
0.261523
0.262768
0.47337
0.320754
0.291992
0.269882
0.25514
0.412853
0.296028
0.25018
0.254743
0.268109
0.398625
0.301412
0.257462
0.256393
0.254909
0.252974
0.247892
0.258859
0.276911
0.260103
0.25644
0.268085
0.25324
0.261972
0.256885
0.265641
0.256837
0.287251
0.260186
0.396541
0.277668
0.269647
0.2983
0.40104
0.266037
0.235012
0.270284
0.409776
0.251539
0.297555
0.264409
0.27152
0.295327
0.437531
0.258241
0.262494
0.260057
0.257716
0.422283
0.420288
0.579277
0.423581
0.24963
0.268786
0.271323
0.419369
0.298263
0.28896
0.39883
0.410635
0.415159
0.424512
0.262419
0.264714
0.26204
0.271552
0.259945
0.431484
0.2636
0.291569
0.292164
0.2976
0.256596
0.410246
0.369556
0.26929
0.175186
0.168329
0.175167
0.162337
0.166343
0.177235
0.177177
0.264422
0.178935
0.261223
0.16293
0.256579
0.177867
0.174771
0.172449
0.178809
0.170141
0.167932
0.164172
0.253872
0.279986
0.172167
0.162509
0.160826
0.165157
0.174871
0.263869
0.170829
0.164492
0.167758
0.195247
0.173915
0.268977
0.181267
0.174354
0.160182
0.169259
0.165163
0.255177
0.167891
0.167446
0.176093
0.178192
0.272583
0.266947
0.170797
0.178991
0.265938
0.161778
0.176042
0.170188
0.171085
0.164186
0.179533
0.170506
0.171214
0.157291
0.17346
0.171621
0.187633
0.17364
0.18803
0.171173
0.174182
0.163844
0.166885
0.174523
0.354881
0.188842
0.171398
0.184962
0.161767
0.166338
0.277418
0.167977
0.167733
0.166691
0.167044
0.168843
0.263671
0.184525
0.179837
0.175557
0.174972
0.186303
0.232077
0.167735
0.179724
0.262566
0.350759
0.180611
0.161904
0.358059
0.170483
0.270647
0.187555
0.169141
0.165828
0.164265
0.17